1 1 3823 0
1 1 3823 1
1 1 3823 0
1 1 3823 0
1 2 3824 0
1 2 3824 0
1 2 3824 1
1 2 3824 0
1 3 3825 0
1 3 3825 0
1 3 3825 1
1 3 3825 0
1 4 3826 0
1 4 3826 0
1 4 3826 1
1 4 3826 0
1 5 3827 1
1 5 3827 0
1 5 3827 0
1 5 3827 0
1 6 3828 1
1 6 3828 0
1 6 3828 0
1 6 3828 0
1 7 3829 1
1 7 3829 0
1 7 3829 0
1 7 3829 0
1 8 3830 0
1 8 3830 1
1 8 3830 0
1 8 3830 0
1 9 3831 0
1 9 3831 0
1 9 3831 1
1 9 3831 0
1 10 3832 0
1 10 3832 1
1 10 3832 0
1 10 3832 0
1 11 3833 0
1 11 3833 0
1 11 3833 1
1 11 3833 0
1 12 3834 0
1 12 3834 1
1 12 3834 0
1 12 3834 0
1 13 3835 0
1 13 3835 0
1 13 3835 1
1 13 3835 0
1 14 3836 0
1 14 3836 1
1 14 3836 0
1 14 3836 0
1 15 3837 0
1 15 3837 0
1 15 3837 1
1 15 3837 0
1 16 3838 1
1 16 3838 0
1 16 3838 0
1 16 3838 0
1 17 3839 0
1 17 3839 0
1 17 3839 1
1 17 3839 0
1 18 3840 1
1 18 3840 0
1 18 3840 0
1 18 3840 0
1 19 3841 1
1 19 3841 0
1 19 3841 0
1 19 3841 0
1 20 3842 0
1 20 3842 1
1 20 3842 0
1 20 3842 0
1 21 3843 0
1 21 3843 1
1 21 3843 0
1 21 3843 0
1 22 3844 0
1 22 3844 0
1 22 3844 0
1 22 3844 1
1 23 3845 0
1 23 3845 1
1 23 3845 0
1 23 3845 0
1 24 3846 0
1 24 3846 0
1 24 3846 1
1 24 3846 0
1 25 3847 1
1 25 3847 0
1 25 3847 0
1 25 3847 0
1 26 3848 0
1 26 3848 0
1 26 3848 1
1 26 3848 0
1 27 3849 0
1 27 3849 1
1 27 3849 0
1 27 3849 0
1 28 3850 0
1 28 3850 0
1 28 3850 1
1 28 3850 0
1 29 3851 1
1 29 3851 0
1 29 3851 0
1 29 3851 0
1 30 3852 1
1 30 3852 0
1 30 3852 0
1 30 3852 0
1 31 3853 0
1 31 3853 0
1 31 3853 1
1 31 3853 0
1 32 3854 0
1 32 3854 0
1 32 3854 1
1 32 3854 0
1 33 3855 0
1 33 3855 0
1 33 3855 1
1 33 3855 0
1 34 3856 0
1 34 3856 0
1 34 3856 1
1 34 3856 0
1 35 3857 1
1 35 3857 0
1 35 3857 0
1 35 3857 0
1 36 3858 0
1 36 3858 0
1 36 3858 0
1 36 3858 1
1 37 3859 0
1 37 3859 0
1 37 3859 1
1 37 3859 0
1 38 3860 0
1 38 3860 0
1 38 3860 1
1 38 3860 0
1 39 3861 0
1 39 3861 0
1 39 3861 1
1 39 3861 0
1 40 3862 1
1 40 3862 0
1 40 3862 0
1 40 3862 0
1 41 3863 1
1 41 3863 0
1 41 3863 0
1 41 3863 0
1 42 3864 0
1 42 3864 1
1 42 3864 0
1 42 3864 0
1 43 3865 0
1 43 3865 0
1 43 3865 0
1 43 3865 1
1 44 3866 0
1 44 3866 1
1 44 3866 0
1 44 3866 0
1 45 3867 0
1 45 3867 0
1 45 3867 1
1 45 3867 0
1 46 3868 0
1 46 3868 0
1 46 3868 1
1 46 3868 0
1 47 3869 0
1 47 3869 1
1 47 3869 0
1 47 3869 0
1 48 3870 1
1 48 3870 0
1 48 3870 0
1 48 3870 0
1 49 3871 0
1 49 3871 1
1 49 3871 0
1 49 3871 0
1 50 3872 0
1 50 3872 1
1 50 3872 0
1 50 3872 0
1 51 3873 0
1 51 3873 1
1 51 3873 0
1 51 3873 0
1 52 3874 0
1 52 3874 0
1 52 3874 1
1 52 3874 0
1 53 3875 0
1 53 3875 1
1 53 3875 0
1 53 3875 0
1 54 3876 1
1 54 3876 0
1 54 3876 0
1 54 3876 0
1 55 3877 0
1 55 3877 1
1 55 3877 0
1 55 3877 0
1 56 3878 1
1 56 3878 0
1 56 3878 0
1 56 3878 0
1 57 3879 0
1 57 3879 1
1 57 3879 0
1 57 3879 0
1 58 3880 0
1 58 3880 1
1 58 3880 0
1 58 3880 0
1 59 3881 0
1 59 3881 0
1 59 3881 0
1 59 3881 1
1 60 3882 0
1 60 3882 1
1 60 3882 0
1 60 3882 0
1 61 3883 0
1 61 3883 0
1 61 3883 1
1 61 3883 0
1 62 3884 1
1 62 3884 0
1 62 3884 0
1 62 3884 0
1 63 3885 0
1 63 3885 0
1 63 3885 1
1 63 3885 0
1 64 3886 0
1 64 3886 1
1 64 3886 0
1 64 3886 0
1 65 3887 0
1 65 3887 1
1 65 3887 0
1 65 3887 0
1 66 3888 0
1 66 3888 0
1 66 3888 0
1 66 3888 1
1 67 3889 0
1 67 3889 0
1 67 3889 0
1 67 3889 1
1 68 3890 0
1 68 3890 0
1 68 3890 0
1 68 3890 1
1 69 3891 0
1 69 3891 0
1 69 3891 0
1 69 3891 1
1 70 3892 0
1 70 3892 1
1 70 3892 0
1 70 3892 0
1 71 3893 0
1 71 3893 0
1 71 3893 0
1 71 3893 1
1 72 3894 0
1 72 3894 1
1 72 3894 0
1 72 3894 0
1 73 3895 0
1 73 3895 0
1 73 3895 0
1 73 3895 1
1 74 3896 0
1 74 3896 0
1 74 3896 1
1 74 3896 0
1 75 3897 0
1 75 3897 1
1 75 3897 0
1 75 3897 0
1 76 3898 0
1 76 3898 0
1 76 3898 1
1 76 3898 0
1 77 3899 0
1 77 3899 0
1 77 3899 0
1 77 3899 1
1 78 3900 1
1 78 3900 0
1 78 3900 0
1 78 3900 0
1 79 3901 0
1 79 3901 1
1 79 3901 0
1 79 3901 0
1 80 3902 0
1 80 3902 0
1 80 3902 0
1 80 3902 1
1 81 3903 0
1 81 3903 0
1 81 3903 0
1 81 3903 1
1 82 3904 0
1 82 3904 1
1 82 3904 0
1 82 3904 0
1 83 3905 1
1 83 3905 0
1 83 3905 0
1 83 3905 0
1 84 3906 0
1 84 3906 0
1 84 3906 0
1 84 3906 1
1 85 3907 0
1 85 3907 0
1 85 3907 1
1 85 3907 0
1 86 3908 0
1 86 3908 0
1 86 3908 0
1 86 3908 1
1 87 3909 0
1 87 3909 0
1 87 3909 1
1 87 3909 0
1 88 3910 0
1 88 3910 0
1 88 3910 0
1 88 3910 1
1 89 3911 0
1 89 3911 1
1 89 3911 0
1 89 3911 0
1 90 3912 0
1 90 3912 1
1 90 3912 0
1 90 3912 0
1 91 3913 1
1 91 3913 0
1 91 3913 0
1 91 3913 0
1 92 3914 0
1 92 3914 0
1 92 3914 1
1 92 3914 0
1 93 3915 0
1 93 3915 0
1 93 3915 0
1 93 3915 1
1 94 3916 1
1 94 3916 0
1 94 3916 0
1 94 3916 0
1 95 3917 1
1 95 3917 0
1 95 3917 0
1 95 3917 0
1 96 3918 0
1 96 3918 0
1 96 3918 0
1 96 3918 0
1 96 3918 1
1 97 3919 0
1 97 3919 0
1 97 3919 1
1 97 3919 0
1 98 3920 0
1 98 3920 0
1 98 3920 0
1 98 3920 1
1 99 3921 0
1 99 3921 1
1 99 3921 0
1 99 3921 0
1 100 3922 0
1 100 3922 0
1 100 3922 0
1 100 3922 1
1 101 3923 1
1 101 3923 0
1 101 3923 0
1 101 3923 0
1 102 3924 0
1 102 3924 1
1 102 3924 0
1 102 3924 0
1 103 3925 1
1 103 3925 0
1 103 3925 0
1 103 3925 0
1 104 3926 0
1 104 3926 0
1 104 3926 1
1 104 3926 0
1 105 3927 0
1 105 3927 1
1 105 3927 0
1 105 3927 0
1 106 3928 0
1 106 3928 0
1 106 3928 0
1 106 3928 1
1 107 3929 0
1 107 3929 1
1 107 3929 0
1 107 3929 0
1 108 3930 1
1 108 3930 0
1 108 3930 0
1 108 3930 0
1 109 3931 1
1 109 3931 0
1 109 3931 0
1 109 3931 0
1 110 3932 1
1 110 3932 0
1 110 3932 0
1 110 3932 0
1 111 3933 0
1 111 3933 1
1 111 3933 0
1 111 3933 0
1 112 3934 1
1 112 3934 0
1 112 3934 0
1 112 3934 0
1 113 3935 0
1 113 3935 1
1 113 3935 0
1 113 3935 0
1 114 3936 1
1 114 3936 0
1 114 3936 0
1 114 3936 0
1 114 3936 0
1 115 3937 1
1 115 3937 0
1 115 3937 0
1 115 3937 0
1 116 3938 0
1 116 3938 1
1 116 3938 0
1 116 3938 0
1 117 3939 0
1 117 3939 1
1 117 3939 0
1 117 3939 0
1 118 3940 0
1 118 3940 1
1 118 3940 0
1 118 3940 0
1 119 3941 0
1 119 3941 1
1 119 3941 0
1 119 3941 0
1 120 3942 0
1 120 3942 0
1 120 3942 1
1 120 3942 0
1 121 3943 1
1 121 3943 0
1 121 3943 0
1 121 3943 0
1 122 3944 1
1 122 3944 0
1 122 3944 0
1 122 3944 0
1 123 3945 1
1 123 3945 0
1 123 3945 0
1 123 3945 0
1 124 3946 0
1 124 3946 1
1 124 3946 0
1 124 3946 0
1 125 3947 1
1 125 3947 0
1 125 3947 0
1 125 3947 0
1 126 3948 1
1 126 3948 0
1 126 3948 0
1 126 3948 0
1 127 3949 0
1 127 3949 1
1 127 3949 0
1 127 3949 0
1 128 3950 0
1 128 3950 0
1 128 3950 0
1 128 3950 1
1 129 3951 1
1 129 3951 0
1 129 3951 0
1 129 3951 0
1 130 3952 0
1 130 3952 0
1 130 3952 0
1 130 3952 1
1 131 3953 1
1 131 3953 0
1 131 3953 0
1 131 3953 0
1 132 3954 1
1 132 3954 0
1 132 3954 0
1 132 3954 0
1 132 3954 0
1 133 3955 0
1 133 3955 0
1 133 3955 0
1 133 3955 1
1 134 3956 1
1 134 3956 0
1 134 3956 0
1 134 3956 0
1 135 3957 0
1 135 3957 0
1 135 3957 1
1 135 3957 0
1 136 3958 1
1 136 3958 0
1 136 3958 0
1 136 3958 0
1 136 3958 0
1 137 3959 0
1 137 3959 1
1 137 3959 0
1 137 3959 0
1 138 3960 0
1 138 3960 0
1 138 3960 1
1 138 3960 0
1 139 3961 1
1 139 3961 0
1 139 3961 0
1 139 3961 0
1 140 3962 0
1 140 3962 0
1 140 3962 0
1 140 3962 1
1 140 3962 0
1 140 3962 0
1 141 3963 0
1 141 3963 1
1 141 3963 0
1 141 3963 0
1 142 3964 0
1 142 3964 1
1 142 3964 0
1 142 3964 0
1 142 3964 0
1 143 3965 0
1 143 3965 0
1 143 3965 1
1 143 3965 0
1 143 3965 0
1 144 3966 1
1 144 3966 0
1 144 3966 0
1 144 3966 0
1 144 3966 0
1 144 3966 0
1 144 3966 0
1 144 3966 0
1 144 3966 0
1 144 3966 0
1 144 3966 0
1 144 3966 0
1 144 3966 0
1 145 3967 0
1 145 3967 0
1 145 3967 1
1 145 3967 0
1 145 3967 0
1 145 3967 0
1 146 3968 0
1 146 3968 0
1 146 3968 0
1 146 3968 1
1 146 3968 0
1 146 3968 0
1 147 3969 0
1 147 3969 0
1 147 3969 1
1 147 3969 0
1 148 3970 1
1 148 3970 0
1 148 3970 0
1 148 3970 0
1 148 3970 0
1 149 3971 0
1 149 3971 1
1 149 3971 0
1 149 3971 0
1 150 3972 0
1 150 3972 1
1 150 3972 0
1 150 3972 0
1 151 3973 0
1 151 3973 0
1 151 3973 1
1 151 3973 0
1 152 3974 0
1 152 3974 0
1 152 3974 0
1 152 3974 1
1 152 3974 0
1 153 3975 1
1 153 3975 0
1 153 3975 0
1 153 3975 0
1 154 3976 0
1 154 3976 1
1 154 3976 0
1 154 3976 0
1 155 3977 1
1 155 3977 0
1 155 3977 0
1 155 3977 0
1 156 3978 1
1 156 3978 0
1 156 3978 0
1 156 3978 0
1 157 3979 0
1 157 3979 1
1 157 3979 0
1 157 3979 0
1 158 3980 0
1 158 3980 0
1 158 3980 1
1 158 3980 0
1 159 3981 1
1 159 3981 0
1 159 3981 0
1 159 3981 0
1 160 3982 0
1 160 3982 0
1 160 3982 0
1 160 3982 1
1 161 3983 0
1 161 3983 1
1 161 3983 0
1 161 3983 0
1 162 3984 0
1 162 3984 0
1 162 3984 1
1 162 3984 0
1 163 3985 0
1 163 3985 1
1 163 3985 0
1 163 3985 0
1 164 3986 0
1 164 3986 1
1 164 3986 0
1 164 3986 0
1 164 3986 0
1 165 3987 0
1 165 3987 0
1 165 3987 1
1 165 3987 0
1 165 3987 0
1 166 3988 1
1 166 3988 0
1 166 3988 0
1 166 3988 0
1 166 3988 0
1 167 3989 0
1 167 3989 0
1 167 3989 1
1 167 3989 0
1 168 3990 1
1 168 3990 0
1 168 3990 0
1 168 3990 0
1 169 3991 0
1 169 3991 0
1 169 3991 1
1 169 3991 0
1 170 3992 0
1 170 3992 1
1 170 3992 0
1 170 3992 0
1 171 3993 1
1 171 3993 0
1 171 3993 0
1 171 3993 0
1 171 3993 0
1 172 3994 0
1 172 3994 0
1 172 3994 1
1 172 3994 0
1 173 3995 0
1 173 3995 0
1 173 3995 0
1 173 3995 1
1 174 3996 0
1 174 3996 1
1 174 3996 0
1 174 3996 0
1 175 3997 0
1 175 3997 0
1 175 3997 1
1 175 3997 0
1 176 3998 1
1 176 3998 0
1 176 3998 0
1 176 3998 0
1 177 3999 0
1 177 3999 1
1 177 3999 0
1 177 3999 0
1 178 4000 1
1 178 4000 0
1 178 4000 0
1 178 4000 0
1 179 4001 0
1 179 4001 0
1 179 4001 0
1 179 4001 1
1 180 4002 0
1 180 4002 0
1 180 4002 1
1 180 4002 0
1 181 4003 0
1 181 4003 0
1 181 4003 1
1 181 4003 0
1 182 4004 1
1 182 4004 0
1 182 4004 0
1 182 4004 0
1 183 4005 0
1 183 4005 1
1 183 4005 0
1 183 4005 0
1 184 4006 0
1 184 4006 1
1 184 4006 0
1 184 4006 0
1 185 4007 0
1 185 4007 0
1 185 4007 0
1 185 4007 1
1 186 4008 0
1 186 4008 0
1 186 4008 0
1 186 4008 1
1 187 4009 1
1 187 4009 0
1 187 4009 0
1 187 4009 0
1 188 4010 0
1 188 4010 1
1 188 4010 0
1 188 4010 0
1 189 4011 0
1 189 4011 0
1 189 4011 1
1 189 4011 0
1 190 4012 0
1 190 4012 0
1 190 4012 0
1 190 4012 1
1 191 4013 1
1 191 4013 0
1 191 4013 0
1 191 4013 0
1 192 4014 0
1 192 4014 1
1 192 4014 0
1 192 4014 0
1 193 4015 0
1 193 4015 0
1 193 4015 1
1 193 4015 0
1 194 4016 0
1 194 4016 0
1 194 4016 0
1 194 4016 1
1 195 4017 0
1 195 4017 1
1 195 4017 0
1 195 4017 0
1 196 4018 1
1 196 4018 0
1 196 4018 0
1 196 4018 0
1 197 4019 0
1 197 4019 0
1 197 4019 0
1 197 4019 1
1 198 4020 0
1 198 4020 0
1 198 4020 0
1 198 4020 1
1 199 4021 1
1 199 4021 0
1 199 4021 0
1 199 4021 0
1 200 4022 1
1 200 4022 0
1 200 4022 0
1 200 4022 0
1 201 4023 1
1 201 4023 0
1 201 4023 0
1 201 4023 0
1 202 4024 0
1 202 4024 1
1 202 4024 0
1 202 4024 0
1 203 4025 0
1 203 4025 0
1 203 4025 0
1 203 4025 1
1 203 4025 0
1 204 4026 0
1 204 4026 0
1 204 4026 0
1 204 4026 1
1 204 4026 0
1 205 4027 0
1 205 4027 1
1 205 4027 0
1 205 4027 0
1 206 4028 0
1 206 4028 0
1 206 4028 1
1 206 4028 0
1 207 4029 1
1 207 4029 0
1 207 4029 0
1 207 4029 0
1 208 4030 1
1 208 4030 0
1 208 4030 0
1 208 4030 0
1 209 4031 1
1 209 4031 0
1 209 4031 0
1 209 4031 0
1 210 4032 0
1 210 4032 0
1 210 4032 1
1 210 4032 0
2 1 2657 0
2 1 2657 1
2 1 2657 0
3 1 2867 0
3 1 2867 1
3 1 2867 0
3 1 2867 0
3 2 2868 0
3 2 2868 0
3 2 2868 1
3 2 2868 0
3 3 2869 0
3 3 2869 0
3 3 2869 1
3 3 2869 0
3 4 2870 0
3 4 2870 0
3 4 2870 1
3 4 2870 0
3 5 2871 1
3 5 2871 0
3 5 2871 0
3 5 2871 0
3 6 2872 1
3 6 2872 0
3 6 2872 0
3 6 2872 0
3 7 2873 1
3 7 2873 0
3 7 2873 0
3 7 2873 0
3 7 2873 0
3 8 2874 1
3 8 2874 0
3 8 2874 0
3 8 2874 0
3 9 2875 0
3 9 2875 1
3 9 2875 0
3 9 2875 0
3 10 2876 1
3 10 2876 0
3 10 2876 0
3 10 2876 0
3 11 2877 0
3 11 2877 1
3 11 2877 0
3 11 2877 0
3 12 2878 0
3 12 2878 0
3 12 2878 1
3 12 2878 0
3 13 2879 0
3 13 2879 1
3 13 2879 0
3 13 2879 0
3 14 2880 0
3 14 2880 0
3 14 2880 1
3 14 2880 0
3 15 2881 0
3 15 2881 1
3 15 2881 0
3 15 2881 0
3 16 2882 0
3 16 2882 0
3 16 2882 1
3 16 2882 0
3 17 2883 1
3 17 2883 0
3 17 2883 0
3 17 2883 0
3 18 2884 0
3 18 2884 0
3 18 2884 1
3 18 2884 0
3 19 2885 1
3 19 2885 0
3 19 2885 0
3 19 2885 0
3 20 2886 1
3 20 2886 0
3 20 2886 0
3 20 2886 0
3 20 2886 0
3 21 2887 0
3 21 2887 0
3 21 2887 0
3 21 2887 1
3 21 2887 0
3 22 2888 0
3 22 2888 1
3 22 2888 0
3 22 2888 0
3 23 2889 0
3 23 2889 0
3 23 2889 0
2 1 2657 0
2 2 2658 0
2 2 2658 0
2 2 2658 1
2 2 2658 0
2 3 2659 0
2 3 2659 0
2 3 2659 1
2 3 2659 0
2 4 2660 0
2 4 2660 0
2 4 2660 1
2 4 2660 0
2 5 2661 1
2 5 2661 0
2 5 2661 0
2 5 2661 0
2 6 2662 1
2 6 2662 0
2 6 2662 0
2 6 2662 0
2 7 2663 1
2 7 2663 0
2 7 2663 0
2 7 2663 0
2 8 2664 0
2 8 2664 0
2 8 2664 1
2 8 2664 0
2 9 2665 1
2 9 2665 0
2 9 2665 0
2 9 2665 0
2 10 2666 0
2 10 2666 1
2 10 2666 0
2 10 2666 0
2 11 2667 0
2 11 2667 0
2 11 2667 1
2 11 2667 0
2 12 2668 0
2 12 2668 1
2 12 2668 0
2 12 2668 0
2 13 2669 0
2 13 2669 0
2 13 2669 1
2 13 2669 0
2 14 2670 0
2 14 2670 1
2 14 2670 0
2 14 2670 0
2 15 2671 0
2 15 2671 0
2 15 2671 1
2 15 2671 0
2 16 2672 1
2 16 2672 0
2 16 2672 0
2 16 2672 0
2 17 2673 0
2 17 2673 0
2 17 2673 1
2 17 2673 0
2 18 2674 1
2 18 2674 0
2 18 2674 0
2 18 2674 0
2 19 2675 1
2 19 2675 0
2 19 2675 0
2 19 2675 0
2 20 2676 0
2 20 2676 1
2 20 2676 0
2 20 2676 0
2 21 2677 0
2 21 2677 1
2 21 2677 0
2 21 2677 0
2 22 2678 0
2 22 2678 0
2 22 2678 0
2 22 2678 1
2 23 2679 0
2 23 2679 1
2 23 2679 0
2 23 2679 0
2 24 2680 0
2 24 2680 0
2 24 2680 1
2 24 2680 0
2 25 2681 1
2 25 2681 0
2 25 2681 0
2 25 2681 0
2 26 2682 0
2 26 2682 0
2 26 2682 1
2 26 2682 0
2 27 2683 0
2 27 2683 1
2 27 2683 0
2 27 2683 0
2 28 2684 0
2 28 2684 0
2 28 2684 1
2 28 2684 0
2 29 2685 1
2 29 2685 0
2 29 2685 0
2 29 2685 0
2 30 2686 1
2 30 2686 0
2 30 2686 0
2 30 2686 0
2 31 2687 0
2 31 2687 0
2 31 2687 1
2 31 2687 0
2 32 2688 0
2 32 2688 0
2 32 2688 0
2 32 2688 1
2 32 2688 0
2 33 2689 0
2 33 2689 0
2 33 2689 1
2 33 2689 0
2 34 2690 0
2 34 2690 0
2 34 2690 1
2 34 2690 0
2 35 2691 1
2 35 2691 0
2 35 2691 0
2 35 2691 0
2 36 2692 0
2 36 2692 0
2 36 2692 0
2 36 2692 1
2 37 2693 0
2 37 2693 0
2 37 2693 1
2 37 2693 0
2 38 2694 0
2 38 2694 0
2 38 2694 1
2 38 2694 0
2 39 2695 0
2 39 2695 0
2 39 2695 1
2 39 2695 0
2 40 2696 1
2 40 2696 0
2 40 2696 0
2 40 2696 0
2 41 2697 1
2 41 2697 0
2 41 2697 0
2 41 2697 0
2 42 2698 0
2 42 2698 1
2 42 2698 0
2 42 2698 0
2 43 2699 0
2 43 2699 0
2 43 2699 0
2 43 2699 1
2 44 2700 0
2 44 2700 1
2 44 2700 0
2 44 2700 0
2 45 2701 0
2 45 2701 0
2 45 2701 1
2 45 2701 0
2 46 2702 0
2 46 2702 0
2 46 2702 1
2 46 2702 0
2 47 2703 0
2 47 2703 1
2 47 2703 0
2 47 2703 0
2 48 2704 1
2 48 2704 0
2 48 2704 0
2 48 2704 0
2 49 2705 0
2 49 2705 1
2 49 2705 0
2 49 2705 0
2 50 2706 0
2 50 2706 1
2 50 2706 0
2 50 2706 0
2 51 2707 0
2 51 2707 1
2 51 2707 0
2 51 2707 0
2 52 2708 0
2 52 2708 0
2 52 2708 1
2 52 2708 0
2 53 2709 0
2 53 2709 1
2 53 2709 0
2 53 2709 0
2 54 2710 1
2 54 2710 0
2 54 2710 0
2 54 2710 0
2 54 2710 0
2 55 2711 0
2 55 2711 1
2 55 2711 0
2 55 2711 0
2 56 2712 1
2 56 2712 0
2 56 2712 0
2 56 2712 0
2 57 2713 0
2 57 2713 1
2 57 2713 0
2 57 2713 0
2 58 2714 0
2 58 2714 0
2 58 2714 0
2 58 2714 1
2 59 2715 0
2 59 2715 1
2 59 2715 0
2 59 2715 0
2 60 2716 0
2 60 2716 0
2 60 2716 1
2 60 2716 0
2 61 2717 1
2 61 2717 0
2 61 2717 0
2 61 2717 0
2 62 2718 0
2 62 2718 0
2 62 2718 1
2 62 2718 0
2 63 2719 0
2 63 2719 1
2 63 2719 0
2 63 2719 0
2 64 2720 0
2 64 2720 1
2 64 2720 0
2 64 2720 0
2 65 2721 0
2 65 2721 0
2 65 2721 0
2 65 2721 1
2 66 2722 0
2 66 2722 0
2 66 2722 0
2 66 2722 1
2 67 2723 0
2 67 2723 0
2 67 2723 0
2 67 2723 1
2 68 2724 0
2 68 2724 0
2 68 2724 0
2 68 2724 1
2 69 2725 0
2 69 2725 1
2 69 2725 0
2 69 2725 0
2 70 2726 0
2 70 2726 0
2 70 2726 0
2 70 2726 1
2 71 2727 0
2 71 2727 1
2 71 2727 0
2 71 2727 0
2 72 2728 0
2 72 2728 0
2 72 2728 0
2 72 2728 1
2 73 2729 0
2 73 2729 0
2 73 2729 1
2 73 2729 0
2 74 2730 0
2 74 2730 1
2 74 2730 0
2 74 2730 0
2 75 2731 0
2 75 2731 0
2 75 2731 1
2 75 2731 0
2 76 2732 0
2 76 2732 0
2 76 2732 0
2 76 2732 1
2 77 2733 1
2 77 2733 0
2 77 2733 0
2 77 2733 0
2 78 2734 0
2 78 2734 1
2 78 2734 0
2 78 2734 0
2 79 2735 0
2 79 2735 0
2 79 2735 0
2 79 2735 1
2 80 2736 0
2 80 2736 0
2 80 2736 0
2 80 2736 1
2 81 2737 0
2 81 2737 0
2 81 2737 1
2 81 2737 0
2 82 2738 0
2 82 2738 0
2 82 2738 0
2 82 2738 1
2 83 2739 0
2 83 2739 0
2 83 2739 1
2 83 2739 0
2 84 2740 0
2 84 2740 1
2 84 2740 0
2 84 2740 0
2 85 2741 0
2 85 2741 1
2 85 2741 0
2 85 2741 0
2 86 2742 0
2 86 2742 0
2 86 2742 0
2 86 2742 1
2 87 2743 0
2 87 2743 0
2 87 2743 0
2 87 2743 1
2 88 2744 0
2 88 2744 1
2 88 2744 0
2 88 2744 0
2 89 2745 0
2 89 2745 0
2 89 2745 0
2 89 2745 1
2 89 2745 0
2 90 2746 0
2 90 2746 0
2 90 2746 1
2 90 2746 0
2 91 2747 0
2 91 2747 0
2 91 2747 0
2 91 2747 1
2 92 2748 0
2 92 2748 1
2 92 2748 0
2 92 2748 0
2 93 2749 0
2 93 2749 0
2 93 2749 0
2 93 2749 1
2 94 2750 1
2 94 2750 0
2 94 2750 0
2 94 2750 0
2 95 2751 0
2 95 2751 1
2 95 2751 0
2 95 2751 0
2 96 2752 1
2 96 2752 0
2 96 2752 0
2 96 2752 0
2 97 2753 0
2 97 2753 0
2 97 2753 1
2 97 2753 0
2 98 2754 0
2 98 2754 1
2 98 2754 0
2 98 2754 0
2 99 2755 0
2 99 2755 0
2 99 2755 0
2 99 2755 1
2 100 2756 0
2 100 2756 1
2 100 2756 0
2 100 2756 0
2 101 2757 1
2 101 2757 0
2 101 2757 0
2 101 2757 0
2 102 2758 1
2 102 2758 0
2 102 2758 0
2 102 2758 0
2 103 2759 1
2 103 2759 0
2 103 2759 0
2 103 2759 0
2 104 2760 0
2 104 2760 1
2 104 2760 0
2 104 2760 0
2 105 2761 1
2 105 2761 0
2 105 2761 0
2 105 2761 0
2 106 2762 0
2 106 2762 1
2 106 2762 0
2 106 2762 0
2 107 2763 1
2 107 2763 0
2 107 2763 0
2 107 2763 0
2 107 2763 0
2 108 2764 1
2 108 2764 0
2 108 2764 0
2 108 2764 0
2 109 2765 0
2 109 2765 1
2 109 2765 0
2 109 2765 0
2 110 2766 0
2 110 2766 1
2 110 2766 0
2 110 2766 0
2 111 2767 0
2 111 2767 1
2 111 2767 0
2 111 2767 0
2 112 2768 0
2 112 2768 1
2 112 2768 0
2 112 2768 0
2 113 2769 0
2 113 2769 0
2 113 2769 1
2 113 2769 0
2 114 2770 1
2 114 2770 0
2 114 2770 0
2 114 2770 0
2 115 2771 1
2 115 2771 0
2 115 2771 0
2 115 2771 0
2 116 2772 1
2 116 2772 0
2 116 2772 0
2 116 2772 0
2 117 2773 0
2 117 2773 1
2 117 2773 0
2 117 2773 0
2 118 2774 1
2 118 2774 0
2 118 2774 0
2 118 2774 0
2 119 2775 1
2 119 2775 0
2 119 2775 0
2 119 2775 0
2 120 2776 0
2 120 2776 1
2 120 2776 0
2 120 2776 0
2 121 2777 0
2 121 2777 0
2 121 2777 0
2 121 2777 1
2 122 2778 1
2 122 2778 0
2 122 2778 0
2 122 2778 0
2 123 2779 0
2 123 2779 0
2 123 2779 0
2 123 2779 1
2 124 2780 0
2 124 2780 0
2 124 2780 0
2 124 2780 1
2 125 2781 1
2 125 2781 0
2 125 2781 0
2 125 2781 0
2 126 2782 1
2 126 2782 0
2 126 2782 0
2 126 2782 0
2 126 2782 0
2 127 2783 0
2 127 2783 0
2 127 2783 0
2 127 2783 1
2 128 2784 0
2 128 2784 0
2 128 2784 1
2 128 2784 0
2 129 2785 1
2 129 2785 0
2 129 2785 0
2 129 2785 0
2 129 2785 0
2 130 2786 0
2 130 2786 0
2 130 2786 1
2 130 2786 0
2 131 2787 0
2 131 2787 1
2 131 2787 0
2 131 2787 0
2 132 2788 0
2 132 2788 0
2 132 2788 1
2 132 2788 0
2 133 2789 1
2 133 2789 0
2 133 2789 0
2 133 2789 0
2 133 2789 0
2 134 2790 0
2 134 2790 1
2 134 2790 0
2 134 2790 0
2 135 2791 0
2 135 2791 1
2 135 2791 0
2 135 2791 0
2 136 2792 0
2 136 2792 0
2 136 2792 1
2 136 2792 0
2 137 2793 0
2 137 2793 0
2 137 2793 0
2 137 2793 1
2 137 2793 0
2 138 2794 1
2 138 2794 0
2 138 2794 0
2 138 2794 0
2 139 2795 0
2 139 2795 1
2 139 2795 0
2 139 2795 0
2 140 2796 1
2 140 2796 0
2 140 2796 0
2 140 2796 0
2 141 2797 1
2 141 2797 0
2 141 2797 0
2 141 2797 0
2 142 2798 0
2 142 2798 1
2 142 2798 0
2 142 2798 0
2 143 2799 0
2 143 2799 0
2 143 2799 1
2 143 2799 0
2 144 2800 1
2 144 2800 0
2 144 2800 0
2 144 2800 0
2 145 2801 0
2 145 2801 0
2 145 2801 0
2 145 2801 1
2 146 2802 0
2 146 2802 1
2 146 2802 0
2 146 2802 0
2 147 2803 0
2 147 2803 0
2 147 2803 1
2 147 2803 0
2 148 2804 1
2 148 2804 0
2 148 2804 0
2 148 2804 0
2 149 2805 0
2 149 2805 1
2 149 2805 0
2 149 2805 0
2 149 2805 0
2 150 2806 0
2 150 2806 0
2 150 2806 1
2 150 2806 0
2 150 2806 0
2 151 2807 1
2 151 2807 0
2 151 2807 0
2 151 2807 0
2 151 2807 0
2 152 2808 0
2 152 2808 0
2 152 2808 1
2 152 2808 0
2 153 2809 1
2 153 2809 0
2 153 2809 0
2 153 2809 0
2 154 2810 0
2 154 2810 0
2 154 2810 1
2 154 2810 0
2 155 2811 0
2 155 2811 1
2 155 2811 0
2 155 2811 0
2 156 2812 1
2 156 2812 0
2 156 2812 0
2 156 2812 0
2 156 2812 0
2 157 2813 0
2 157 2813 0
2 157 2813 1
2 157 2813 0
2 158 2814 0
2 158 2814 0
2 158 2814 0
2 158 2814 1
2 159 2815 0
2 159 2815 1
2 159 2815 0
2 159 2815 0
2 160 2816 0
2 160 2816 0
2 160 2816 1
2 160 2816 0
2 161 2817 1
2 161 2817 0
2 161 2817 0
2 161 2817 0
2 162 2818 0
2 162 2818 1
2 162 2818 0
2 162 2818 0
2 163 2819 1
2 163 2819 0
2 163 2819 0
2 163 2819 0
2 164 2820 0
2 164 2820 0
2 164 2820 0
2 164 2820 1
2 165 2821 0
2 165 2821 0
2 165 2821 1
2 165 2821 0
2 166 2822 0
2 166 2822 0
2 166 2822 1
2 166 2822 0
2 167 2823 1
2 167 2823 0
2 167 2823 0
2 167 2823 0
2 168 2824 0
2 168 2824 1
2 168 2824 0
2 168 2824 0
2 169 2825 0
2 169 2825 1
2 169 2825 0
2 169 2825 0
2 170 2826 0
2 170 2826 0
2 170 2826 0
2 170 2826 1
2 171 2827 1
2 171 2827 0
2 171 2827 0
2 171 2827 0
2 172 2828 0
2 172 2828 1
2 172 2828 0
2 172 2828 0
2 173 2829 0
2 173 2829 0
2 173 2829 1
2 173 2829 0
2 174 2830 0
2 174 2830 0
2 174 2830 0
2 174 2830 1
2 175 2831 1
2 175 2831 0
2 175 2831 0
2 175 2831 0
2 176 2832 0
2 176 2832 1
2 176 2832 0
2 176 2832 0
2 177 2833 0
2 177 2833 0
2 177 2833 1
2 177 2833 0
2 178 2834 0
2 178 2834 0
2 178 2834 0
2 178 2834 1
2 179 2835 0
2 179 2835 1
2 179 2835 0
2 179 2835 0
2 180 2836 1
2 180 2836 0
2 180 2836 0
2 180 2836 0
2 181 2837 0
2 181 2837 0
2 181 2837 0
2 181 2837 1
2 182 2838 0
2 182 2838 1
2 182 2838 0
2 182 2838 0
2 183 2839 0
2 183 2839 0
2 183 2839 1
2 183 2839 0
2 184 2840 1
2 184 2840 0
2 184 2840 0
2 184 2840 0
2 185 2841 0
2 185 2841 0
2 185 2841 0
2 185 2841 1
2 186 2842 0
2 186 2842 0
2 186 2842 0
2 186 2842 1
2 187 2843 0
2 187 2843 0
2 187 2843 1
2 187 2843 0
2 188 2844 0
2 188 2844 1
2 188 2844 0
2 188 2844 0
2 189 2845 0
2 189 2845 0
2 189 2845 1
2 189 2845 0
2 190 2846 0
2 190 2846 0
2 190 2846 1
2 190 2846 0
2 191 2847 0
2 191 2847 1
2 191 2847 0
2 191 2847 0
2 192 2848 0
2 192 2848 0
2 192 2848 0
2 192 2848 1
2 193 2849 0
2 193 2849 0
2 193 2849 0
2 193 2849 1
2 194 2850 1
2 194 2850 0
2 194 2850 0
2 194 2850 0
2 194 2850 0
2 195 2851 1
2 195 2851 0
2 195 2851 0
2 195 2851 0
2 196 2852 0
2 196 2852 0
2 196 2852 1
2 196 2852 0
2 197 2853 0
2 197 2853 1
2 197 2853 0
2 197 2853 0
2 198 2854 0
2 198 2854 0
2 198 2854 0
2 198 2854 1
2 199 2855 0
2 199 2855 1
2 199 2855 0
2 199 2855 0
2 200 2856 0
2 200 2856 0
2 200 2856 1
2 200 2856 0
2 201 2857 0
2 201 2857 1
2 201 2857 0
2 201 2857 0
2 202 2858 0
2 202 2858 1
2 202 2858 0
2 202 2858 0
2 203 2859 0
2 203 2859 0
2 203 2859 0
2 203 2859 1
2 203 2859 0
2 204 2860 0
2 204 2860 0
2 204 2860 0
2 204 2860 1
2 204 2860 0
2 205 2861 0
2 205 2861 1
2 205 2861 0
2 205 2861 0
2 206 2862 0
2 206 2862 0
2 206 2862 1
2 206 2862 0
2 207 2863 1
2 207 2863 0
2 207 2863 0
2 207 2863 0
2 208 2864 1
2 208 2864 0
2 208 2864 0
2 208 2864 0
2 209 2865 1
2 209 2865 0
2 209 2865 0
2 209 2865 0
2 210 2866 0
2 210 2866 0
2 210 2866 1
2 210 2866 0
3 23 2889 1
3 24 2890 0
3 24 2890 1
3 24 2890 0
3 24 2890 0
3 25 2891 0
3 25 2891 0
3 25 2891 1
3 25 2891 0
3 26 2892 1
3 26 2892 0
3 26 2892 0
3 26 2892 0
3 27 2893 0
3 27 2893 0
3 27 2893 1
3 27 2893 0
3 28 2894 0
3 28 2894 1
3 28 2894 0
3 28 2894 0
3 29 2895 0
3 29 2895 0
3 29 2895 1
3 29 2895 0
3 30 2896 1
3 30 2896 0
3 30 2896 0
3 30 2896 0
3 31 2897 1
3 31 2897 0
3 31 2897 0
3 31 2897 0
3 32 2898 0
3 32 2898 0
3 32 2898 1
3 32 2898 0
3 33 2899 0
3 33 2899 0
3 33 2899 1
3 33 2899 0
3 33 2899 0
3 34 2900 0
3 34 2900 0
3 34 2900 1
3 34 2900 0
3 35 2901 0
3 35 2901 0
3 35 2901 1
3 35 2901 0
3 36 2902 1
3 36 2902 0
3 36 2902 0
3 36 2902 0
3 37 2903 0
3 37 2903 0
3 37 2903 0
3 37 2903 1
3 38 2904 0
3 38 2904 0
3 38 2904 1
3 38 2904 0
3 38 2904 0
3 39 2905 0
3 39 2905 0
3 39 2905 1
3 39 2905 0
3 40 2906 0
3 40 2906 0
3 40 2906 1
3 40 2906 0
3 41 2907 1
3 41 2907 0
3 41 2907 0
3 41 2907 0
3 42 2908 1
3 42 2908 0
3 42 2908 0
3 42 2908 0
3 43 2909 0
3 43 2909 1
3 43 2909 0
3 43 2909 0
3 44 2910 0
3 44 2910 0
3 44 2910 0
3 44 2910 0
3 44 2910 1
3 45 2911 0
3 45 2911 1
3 45 2911 0
3 45 2911 0
3 46 2912 0
3 46 2912 0
3 46 2912 0
3 46 2912 0
3 46 2912 1
3 47 2913 0
3 47 2913 0
3 47 2913 1
3 47 2913 0
3 48 2914 0
3 48 2914 0
3 48 2914 1
3 48 2914 0
3 49 2915 0
3 49 2915 1
3 49 2915 0
3 49 2915 0
3 50 2916 1
3 50 2916 0
3 50 2916 0
3 50 2916 0
3 51 2917 0
3 51 2917 1
3 51 2917 0
3 51 2917 0
3 52 2918 0
3 52 2918 1
3 52 2918 0
3 52 2918 0
3 53 2919 0
3 53 2919 1
3 53 2919 0
3 53 2919 0
3 54 2920 0
3 54 2920 0
3 54 2920 1
3 54 2920 0
3 55 2921 0
3 55 2921 1
3 55 2921 0
3 55 2921 0
3 56 2922 0
3 56 2922 1
3 56 2922 0
3 56 2922 0
3 56 2922 0
3 57 2923 0
3 57 2923 1
3 57 2923 0
3 57 2923 0
3 58 2924 1
3 58 2924 0
3 58 2924 0
3 58 2924 0
3 59 2925 0
3 59 2925 1
3 59 2925 0
3 59 2925 0
3 60 2926 0
3 60 2926 1
3 60 2926 0
3 60 2926 0
3 61 2927 0
3 61 2927 0
3 61 2927 0
3 61 2927 1
3 62 2928 0
3 62 2928 1
3 62 2928 0
3 62 2928 0
3 63 2929 0
3 63 2929 0
3 63 2929 1
3 63 2929 0
3 64 2930 0
3 64 2930 1
3 64 2930 0
3 64 2930 0
3 64 2930 0
3 64 2930 0
3 65 2931 0
3 65 2931 0
3 65 2931 0
3 65 2931 1
3 65 2931 0
3 66 2932 0
3 66 2932 1
3 66 2932 0
3 66 2932 0
3 67 2933 0
3 67 2933 0
3 67 2933 1
3 67 2933 0
3 67 2933 0
3 68 2934 0
3 68 2934 0
3 68 2934 0
3 68 2934 1
3 69 2935 0
3 69 2935 0
3 69 2935 0
3 69 2935 1
3 70 2936 0
3 70 2936 0
3 70 2936 0
3 70 2936 1
3 71 2937 0
3 71 2937 0
3 71 2937 0
3 71 2937 1
3 72 2938 0
3 72 2938 1
3 72 2938 0
3 72 2938 0
3 73 2939 0
3 73 2939 0
3 73 2939 0
3 73 2939 1
3 74 2940 0
3 74 2940 1
3 74 2940 0
3 74 2940 0
3 75 2941 0
3 75 2941 0
3 75 2941 0
3 75 2941 0
3 75 2941 1
3 76 2942 0
3 76 2942 0
3 76 2942 1
3 76 2942 0
3 77 2943 0
3 77 2943 1
3 77 2943 0
3 77 2943 0
3 78 2944 0
3 78 2944 0
3 78 2944 1
3 78 2944 0
3 79 2945 0
3 79 2945 0
3 79 2945 0
3 79 2945 1
3 80 2946 1
3 80 2946 0
3 80 2946 0
3 80 2946 0
3 81 2947 0
3 81 2947 1
3 81 2947 0
3 81 2947 0
3 82 2948 0
3 82 2948 0
3 82 2948 0
3 82 2948 1
3 83 2949 0
3 83 2949 0
3 83 2949 1
3 83 2949 0
3 84 2950 0
3 84 2950 0
3 84 2950 0
3 84 2950 1
3 85 2951 0
3 85 2951 1
3 85 2951 0
3 85 2951 0
3 86 2952 0
3 86 2952 0
3 86 2952 0
3 86 2952 1
3 86 2952 0
3 87 2953 0
3 87 2953 0
3 87 2953 1
3 87 2953 0
3 88 2954 0
3 88 2954 0
3 88 2954 0
3 88 2954 1
3 89 2955 0
3 89 2955 1
3 89 2955 0
3 89 2955 0
3 90 2956 0
3 90 2956 0
3 90 2956 0
3 90 2956 1
3 91 2957 1
3 91 2957 0
3 91 2957 0
3 91 2957 0
3 92 2958 0
3 92 2958 1
3 92 2958 0
3 92 2958 0
3 93 2959 1
3 93 2959 0
3 93 2959 0
3 93 2959 0
3 94 2960 0
3 94 2960 0
3 94 2960 1
3 94 2960 0
3 95 2961 0
3 95 2961 1
3 95 2961 0
3 95 2961 0
3 96 2962 0
3 96 2962 0
3 96 2962 0
3 96 2962 1
3 97 2963 0
3 97 2963 1
3 97 2963 0
3 97 2963 0
3 98 2964 1
3 98 2964 0
3 98 2964 0
3 98 2964 0
3 99 2965 1
3 99 2965 0
3 99 2965 0
3 99 2965 0
3 100 2966 1
3 100 2966 0
3 100 2966 0
3 100 2966 0
3 101 2967 0
3 101 2967 1
3 101 2967 0
3 101 2967 0
3 102 2968 1
3 102 2968 0
3 102 2968 0
3 102 2968 0
3 103 2969 0
3 103 2969 1
3 103 2969 0
3 103 2969 0
3 104 2970 1
3 104 2970 0
3 104 2970 0
3 104 2970 0
3 104 2970 0
3 105 2971 1
3 105 2971 0
3 105 2971 0
3 105 2971 0
3 106 2972 0
3 106 2972 1
3 106 2972 0
3 106 2972 0
3 107 2973 0
3 107 2973 1
3 107 2973 0
3 107 2973 0
3 108 2974 0
3 108 2974 1
3 108 2974 0
3 108 2974 0
3 109 2975 0
3 109 2975 1
3 109 2975 0
3 109 2975 0
3 110 2976 0
3 110 2976 0
3 110 2976 1
3 110 2976 0
3 111 2977 1
3 111 2977 0
3 111 2977 0
3 111 2977 0
3 112 2978 1
3 112 2978 0
3 112 2978 0
3 112 2978 0
3 113 2979 1
3 113 2979 0
3 113 2979 0
3 113 2979 0
3 114 2980 0
3 114 2980 1
3 114 2980 0
3 114 2980 0
3 115 2981 1
3 115 2981 0
3 115 2981 0
3 115 2981 0
3 116 2982 1
3 116 2982 0
3 116 2982 0
3 116 2982 0
3 117 2983 0
3 117 2983 1
3 117 2983 0
3 117 2983 0
3 118 2984 0
3 118 2984 0
3 118 2984 0
3 118 2984 1
3 119 2985 0
3 119 2985 0
3 119 2985 0
3 119 2985 1
3 120 2986 1
3 120 2986 0
3 120 2986 0
3 120 2986 0
3 121 2987 1
3 121 2987 0
3 121 2987 0
3 121 2987 0
3 121 2987 0
3 122 2988 0
3 122 2988 0
3 122 2988 0
3 122 2988 1
3 123 2989 1
3 123 2989 0
3 123 2989 0
3 123 2989 0
3 124 2990 0
3 124 2990 0
3 124 2990 1
3 124 2990 0
3 125 2991 1
3 125 2991 0
3 125 2991 0
3 125 2991 0
3 125 2991 0
3 126 2992 0
3 126 2992 1
3 126 2992 0
3 126 2992 0
3 127 2993 0
3 127 2993 0
3 127 2993 1
3 127 2993 0
3 128 2994 1
3 128 2994 0
3 128 2994 0
3 128 2994 0
3 129 2995 0
3 129 2995 0
3 129 2995 0
3 129 2995 1
3 129 2995 0
3 129 2995 0
3 130 2996 0
3 130 2996 1
3 130 2996 0
3 130 2996 0
3 131 2997 0
3 131 2997 1
3 131 2997 0
3 131 2997 0
3 131 2997 0
3 132 2998 0
3 132 2998 0
3 132 2998 1
3 132 2998 0
3 132 2998 0
3 133 2999 1
3 133 2999 0
3 133 2999 0
3 133 2999 0
3 133 2999 0
3 133 2999 0
3 133 2999 0
3 133 2999 0
3 133 2999 0
3 133 2999 0
3 133 2999 0
3 133 2999 0
3 133 2999 0
3 134 3000 0
3 134 3000 0
3 134 3000 1
3 134 3000 0
3 134 3000 0
3 134 3000 0
3 135 3001 0
3 135 3001 0
3 135 3001 0
3 135 3001 1
3 135 3001 0
3 135 3001 0
3 135 3001 0
3 136 3002 0
3 136 3002 0
3 136 3002 1
3 136 3002 0
3 137 3003 1
3 137 3003 0
3 137 3003 0
3 137 3003 0
3 138 3004 0
3 138 3004 1
3 138 3004 0
3 138 3004 0
3 139 3005 0
3 139 3005 1
3 139 3005 0
3 139 3005 0
3 140 3006 0
3 140 3006 0
3 140 3006 1
3 140 3006 0
3 141 3007 0
3 141 3007 0
3 141 3007 0
3 141 3007 1
3 141 3007 0
3 142 3008 1
3 142 3008 0
3 142 3008 0
3 142 3008 0
3 143 3009 0
3 143 3009 0
3 143 3009 1
3 143 3009 0
3 143 3009 0
3 144 3010 1
3 144 3010 0
3 144 3010 0
3 144 3010 0
3 145 3011 1
3 145 3011 0
3 145 3011 0
3 145 3011 0
3 146 3012 0
3 146 3012 1
3 146 3012 0
3 146 3012 0
3 147 3013 0
3 147 3013 0
3 147 3013 1
3 147 3013 0
3 148 3014 1
3 148 3014 0
3 148 3014 0
3 148 3014 0
3 149 3015 0
3 149 3015 0
3 149 3015 0
3 149 3015 1
3 150 3016 0
3 150 3016 1
3 150 3016 0
3 150 3016 0
3 151 3017 0
3 151 3017 0
3 151 3017 0
3 151 3017 1
3 151 3017 0
3 152 3018 1
3 152 3018 0
3 152 3018 0
3 152 3018 0
3 153 3019 0
3 153 3019 1
3 153 3019 0
3 153 3019 0
3 153 3019 0
3 154 3020 0
3 154 3020 0
3 154 3020 1
3 154 3020 0
3 154 3020 0
3 155 3021 1
3 155 3021 0
3 155 3021 0
3 155 3021 0
3 155 3021 0
3 156 3022 0
3 156 3022 0
3 156 3022 1
3 156 3022 0
3 157 3023 1
3 157 3023 0
3 157 3023 0
3 157 3023 0
3 158 3024 0
3 158 3024 0
3 158 3024 1
3 158 3024 0
3 159 3025 0
3 159 3025 1
3 159 3025 0
3 159 3025 0
3 160 3026 1
3 160 3026 0
3 160 3026 0
3 160 3026 0
3 161 3027 0
3 161 3027 0
3 161 3027 1
3 161 3027 0
3 162 3028 0
3 162 3028 0
3 162 3028 0
3 162 3028 1
3 163 3029 0
3 163 3029 1
3 163 3029 0
3 163 3029 0
3 164 3030 0
3 164 3030 0
3 164 3030 1
3 164 3030 0
3 165 3031 1
3 165 3031 0
3 165 3031 0
3 165 3031 0
3 166 3032 0
3 166 3032 1
3 166 3032 0
3 166 3032 0
3 167 3033 1
3 167 3033 0
3 167 3033 0
3 167 3033 0
3 168 3034 0
3 168 3034 0
3 168 3034 0
3 168 3034 1
3 169 3035 0
3 169 3035 0
3 169 3035 1
3 169 3035 0
3 170 3036 0
3 170 3036 0
3 170 3036 1
3 170 3036 0
3 171 3037 1
3 171 3037 0
3 171 3037 0
3 171 3037 0
3 172 3038 0
3 172 3038 1
3 172 3038 0
3 172 3038 0
3 173 3039 0
3 173 3039 1
3 173 3039 0
3 173 3039 0
3 174 3040 0
3 174 3040 0
3 174 3040 0
3 174 3040 1
3 175 3041 0
3 175 3041 0
3 175 3041 0
3 175 3041 1
3 176 3042 1
3 176 3042 0
3 176 3042 0
3 176 3042 0
3 177 3043 0
3 177 3043 1
3 177 3043 0
3 177 3043 0
3 178 3044 0
3 178 3044 0
3 178 3044 1
3 178 3044 0
3 179 3045 0
3 179 3045 0
3 179 3045 0
3 179 3045 1
3 180 3046 1
3 180 3046 0
3 180 3046 0
3 180 3046 0
3 181 3047 0
3 181 3047 1
3 181 3047 0
3 181 3047 0
3 182 3048 0
3 182 3048 0
3 182 3048 1
3 182 3048 0
3 183 3049 0
3 183 3049 0
3 183 3049 0
3 183 3049 1
3 183 3049 0
3 184 3050 0
3 184 3050 0
3 184 3050 1
3 184 3050 0
3 184 3050 0
3 185 3051 1
3 185 3051 0
3 185 3051 0
3 185 3051 0
3 186 3052 0
3 186 3052 0
3 186 3052 0
3 186 3052 1
3 187 3053 0
3 187 3053 0
3 187 3053 0
3 187 3053 1
3 188 3054 1
3 188 3054 0
3 188 3054 0
3 188 3054 0
3 189 3055 1
3 189 3055 0
3 189 3055 0
3 189 3055 0
3 190 3056 0
3 190 3056 0
3 190 3056 0
3 190 3056 1
3 191 3057 0
3 191 3057 0
3 191 3057 0
3 191 3057 1
3 192 3058 0
3 192 3058 0
3 192 3058 0
3 192 3058 1
3 193 3059 0
3 193 3059 0
3 193 3059 1
3 193 3059 0
3 194 3060 0
3 194 3060 0
3 194 3060 1
3 194 3060 0
3 195 3061 0
3 195 3061 0
3 195 3061 0
3 195 3061 1
3 196 3062 0
3 196 3062 0
3 196 3062 0
3 196 3062 1
3 197 3063 0
3 197 3063 0
3 197 3063 1
3 197 3063 0
3 198 3064 1
3 198 3064 0
3 198 3064 0
3 198 3064 0
3 199 3065 0
3 199 3065 1
3 199 3065 0
3 199 3065 0
3 200 3066 0
3 200 3066 0
3 200 3066 1
3 200 3066 0
3 201 3067 0
3 201 3067 1
3 201 3067 0
3 201 3067 0
3 202 3068 0
3 202 3068 1
3 202 3068 0
3 202 3068 0
3 203 3069 0
3 203 3069 0
3 203 3069 0
3 203 3069 1
3 203 3069 0
3 204 3070 0
3 204 3070 0
3 204 3070 0
3 204 3070 1
3 204 3070 0
3 205 3071 0
3 205 3071 1
3 205 3071 0
3 205 3071 0
3 206 3072 0
3 206 3072 0
3 206 3072 1
3 206 3072 0
3 207 3073 1
3 207 3073 0
3 207 3073 0
3 207 3073 0
3 208 3074 1
3 208 3074 0
3 208 3074 0
3 208 3074 0
3 209 3075 1
3 209 3075 0
3 209 3075 0
3 209 3075 0
3 210 3076 0
3 210 3076 0
3 210 3076 1
3 210 3076 0
4 1 3077 0
4 1 3077 0
4 1 3077 1
4 1 3077 0
4 2 3078 0
4 2 3078 1
4 2 3078 0
4 2 3078 0
4 3 3079 0
4 3 3079 0
4 3 3079 0
4 3 3079 1
4 4 3080 0
4 4 3080 0
4 4 3080 1
4 4 3080 0
4 5 3081 0
4 5 3081 0
4 5 3081 0
4 5 3081 0
4 5 3081 1
4 6 3082 0
4 6 3082 0
4 6 3082 1
4 6 3082 0
4 7 3083 1
4 7 3083 0
4 7 3083 0
4 7 3083 0
4 8 3084 0
4 8 3084 1
4 8 3084 0
4 8 3084 0
4 9 3085 0
4 9 3085 0
4 9 3085 1
4 9 3085 0
4 10 3086 1
4 10 3086 0
4 10 3086 0
4 10 3086 0
4 11 3087 0
4 11 3087 0
4 11 3087 1
4 11 3087 0
4 12 3088 0
4 12 3088 1
4 12 3088 0
4 12 3088 0
4 13 3089 0
4 13 3089 0
4 13 3089 1
4 13 3089 0
4 14 3090 0
4 14 3090 0
4 14 3090 1
4 14 3090 0
4 15 3091 0
4 15 3091 0
4 15 3091 0
4 15 3091 1
4 15 3091 0
4 15 3091 0
4 16 3092 0
4 16 3092 0
4 16 3092 1
4 16 3092 0
4 17 3093 0
4 17 3093 0
4 17 3093 1
4 17 3093 0
4 18 3094 0
4 18 3094 0
4 18 3094 0
4 18 3094 1
4 19 3095 1
4 19 3095 0
4 19 3095 0
4 19 3095 0
4 20 3096 0
4 20 3096 0
4 20 3096 0
4 20 3096 1
4 21 3097 0
4 21 3097 0
4 21 3097 1
4 21 3097 0
4 22 3098 0
4 22 3098 1
4 22 3098 0
4 22 3098 0
4 23 3099 0
4 23 3099 0
4 23 3099 0
4 23 3099 1
4 24 3100 0
4 24 3100 1
4 24 3100 0
4 24 3100 0
4 25 3101 0
4 25 3101 1
4 25 3101 0
4 25 3101 0
4 26 3102 0
4 26 3102 0
4 26 3102 1
4 26 3102 0
4 27 3103 1
4 27 3103 0
4 27 3103 0
4 27 3103 0
4 28 3104 1
4 28 3104 0
4 28 3104 0
4 28 3104 0
4 29 3105 0
4 29 3105 0
4 29 3105 1
4 29 3105 0
4 30 3106 0
4 30 3106 0
4 30 3106 1
4 30 3106 0
4 31 3107 0
4 31 3107 1
4 31 3107 0
4 31 3107 0
4 32 3108 0
4 32 3108 0
4 32 3108 1
4 32 3108 0
4 33 3109 0
4 33 3109 0
4 33 3109 0
4 33 3109 1
4 34 3110 1
4 34 3110 0
4 34 3110 0
4 34 3110 0
4 35 3111 0
4 35 3111 0
4 35 3111 1
4 35 3111 0
4 36 3112 0
4 36 3112 0
4 36 3112 1
4 36 3112 0
4 37 3113 0
4 37 3113 0
4 37 3113 0
4 37 3113 1
4 38 3114 0
4 38 3114 0
4 38 3114 1
4 38 3114 0
4 39 3115 0
4 39 3115 0
4 39 3115 0
4 39 3115 1
4 40 3116 0
4 40 3116 0
4 40 3116 0
4 40 3116 1
4 41 3117 1
4 41 3117 0
4 41 3117 0
4 41 3117 0
4 42 3118 0
4 42 3118 0
4 42 3118 0
4 42 3118 1
4 43 3119 0
4 43 3119 1
4 43 3119 0
4 43 3119 0
4 44 3120 1
4 44 3120 0
4 44 3120 0
4 44 3120 0
4 45 3121 0
4 45 3121 0
4 45 3121 1
4 45 3121 0
4 46 3122 0
4 46 3122 1
4 46 3122 0
4 46 3122 0
4 47 3123 1
4 47 3123 0
4 47 3123 0
4 47 3123 0
4 48 3124 0
4 48 3124 0
4 48 3124 1
4 48 3124 0
4 49 3125 0
4 49 3125 0
4 49 3125 1
4 49 3125 0
4 50 3126 0
4 50 3126 0
4 50 3126 1
4 50 3126 0
4 51 3127 0
4 51 3127 0
4 51 3127 1
4 51 3127 0
4 52 3128 0
4 52 3128 0
4 52 3128 1
4 52 3128 0
4 53 3129 1
4 53 3129 0
4 53 3129 0
4 53 3129 0
4 54 3130 0
4 54 3130 1
4 54 3130 0
4 54 3130 0
4 55 3131 0
4 55 3131 1
4 55 3131 0
4 55 3131 0
4 56 3132 1
4 56 3132 0
4 56 3132 0
4 56 3132 0
4 57 3133 0
4 57 3133 0
4 57 3133 1
4 57 3133 0
4 58 3134 0
4 58 3134 0
4 58 3134 1
4 58 3134 0
4 59 3135 0
4 59 3135 0
4 59 3135 1
4 59 3135 0
4 60 3136 0
4 60 3136 1
4 60 3136 0
4 60 3136 0
4 61 3137 0
4 61 3137 0
4 61 3137 1
4 61 3137 0
4 62 3138 1
4 62 3138 0
4 62 3138 0
4 62 3138 0
4 63 3139 0
4 63 3139 0
4 63 3139 1
4 63 3139 0
4 64 3140 0
4 64 3140 0
4 64 3140 0
4 64 3140 1
4 65 3141 0
4 65 3141 0
4 65 3141 1
4 65 3141 0
4 66 3142 0
4 66 3142 1
4 66 3142 0
4 66 3142 0
4 67 3143 0
4 67 3143 0
4 67 3143 1
4 67 3143 0
4 68 3144 0
4 68 3144 1
4 68 3144 0
4 68 3144 0
4 69 3145 0
4 69 3145 0
4 69 3145 1
4 69 3145 0
4 70 3146 1
4 70 3146 0
4 70 3146 0
4 70 3146 0
4 70 3146 0
4 71 3147 0
4 71 3147 0
4 71 3147 1
4 71 3147 0
4 72 3148 0
4 72 3148 1
4 72 3148 0
4 72 3148 0
4 73 3149 0
4 73 3149 0
4 73 3149 0
4 73 3149 1
4 74 3150 0
4 74 3150 0
4 74 3150 0
4 74 3150 1
4 75 3151 1
4 75 3151 0
4 75 3151 0
4 75 3151 0
4 76 3152 0
4 76 3152 1
4 76 3152 0
4 76 3152 0
4 77 3153 0
4 77 3153 0
4 77 3153 1
4 77 3153 0
4 78 3154 0
4 78 3154 1
4 78 3154 0
4 78 3154 0
4 79 3155 0
4 79 3155 0
4 79 3155 0
4 79 3155 1
4 80 3156 0
4 80 3156 0
4 80 3156 0
4 80 3156 1
4 81 3157 0
4 81 3157 0
4 81 3157 0
4 81 3157 1
4 82 3158 0
4 82 3158 0
4 82 3158 1
4 82 3158 0
4 82 3158 0
4 83 3159 0
4 83 3159 0
4 83 3159 1
4 83 3159 0
4 84 3160 0
4 84 3160 0
4 84 3160 1
4 84 3160 0
4 85 3161 0
4 85 3161 0
4 85 3161 0
4 85 3161 1
4 86 3162 0
4 86 3162 1
4 86 3162 0
4 86 3162 0
4 87 3163 1
4 87 3163 0
4 87 3163 0
4 87 3163 0
4 88 3164 0
4 88 3164 0
4 88 3164 1
4 88 3164 0
4 89 3165 0
4 89 3165 0
4 89 3165 1
4 89 3165 0
4 90 3166 0
4 90 3166 0
4 90 3166 0
4 90 3166 1
4 91 3167 0
4 91 3167 0
4 91 3167 1
4 91 3167 0
4 92 3168 1
4 92 3168 0
4 92 3168 0
4 92 3168 0
4 93 3169 0
4 93 3169 1
4 93 3169 0
4 93 3169 0
4 94 3170 1
4 94 3170 0
4 94 3170 0
4 94 3170 0
4 95 3171 1
4 95 3171 0
4 95 3171 0
4 95 3171 0
4 96 3172 0
4 96 3172 1
4 96 3172 0
4 96 3172 0
4 97 3173 0
4 97 3173 0
4 97 3173 0
4 97 3173 1
4 98 3174 0
4 98 3174 1
4 98 3174 0
4 98 3174 0
4 99 3175 0
4 99 3175 0
4 99 3175 1
4 99 3175 0
4 100 3176 0
4 100 3176 0
4 100 3176 0
4 100 3176 1
4 101 3177 1
4 101 3177 0
4 101 3177 0
4 101 3177 0
4 102 3178 0
4 102 3178 0
4 102 3178 0
4 102 3178 1
4 103 3179 0
4 103 3179 1
4 103 3179 0
4 103 3179 0
4 104 3180 0
4 104 3180 1
4 104 3180 0
4 104 3180 0
4 105 3181 0
4 105 3181 0
4 105 3181 1
4 105 3181 0
4 106 3182 0
4 106 3182 0
4 106 3182 0
4 106 3182 1
4 107 3183 0
4 107 3183 1
4 107 3183 0
4 107 3183 0
4 108 3184 0
4 108 3184 0
4 108 3184 0
4 108 3184 1
4 109 3185 0
4 109 3185 0
4 109 3185 0
4 109 3185 1
4 110 3186 0
4 110 3186 0
4 110 3186 0
4 110 3186 1
4 111 3187 0
4 111 3187 0
4 111 3187 0
4 111 3187 1
4 112 3188 0
4 112 3188 0
4 112 3188 0
4 112 3188 1
4 113 3189 0
4 113 3189 0
4 113 3189 0
4 113 3189 1
4 114 3190 0
4 114 3190 0
4 114 3190 0
4 114 3190 1
4 115 3191 0
4 115 3191 0
4 115 3191 0
4 115 3191 1
4 116 3192 0
4 116 3192 0
4 116 3192 0
4 116 3192 1
4 117 3193 1
4 117 3193 0
4 117 3193 0
4 117 3193 0
4 118 3194 0
4 118 3194 0
4 118 3194 0
4 118 3194 1
4 119 3195 0
4 119 3195 0
4 119 3195 0
4 119 3195 1
4 120 3196 0
4 120 3196 0
4 120 3196 1
4 120 3196 0
4 121 3197 0
4 121 3197 0
4 121 3197 0
4 121 3197 1
4 122 3198 0
4 122 3198 0
4 122 3198 0
4 122 3198 1
4 123 3199 0
4 123 3199 1
4 123 3199 0
4 123 3199 0
4 124 3200 0
4 124 3200 0
4 124 3200 0
4 124 3200 1
4 125 3201 0
4 125 3201 0
4 125 3201 0
4 125 3201 1
4 126 3202 0
4 126 3202 0
4 126 3202 0
4 126 3202 1
4 127 3203 0
4 127 3203 0
4 127 3203 0
4 127 3203 1
4 128 3204 0
4 128 3204 0
4 128 3204 1
4 128 3204 0
4 129 3205 0
4 129 3205 1
4 129 3205 0
4 129 3205 0
4 130 3206 0
4 130 3206 0
4 130 3206 1
4 130 3206 0
4 131 3207 0
4 131 3207 0
4 131 3207 0
4 131 3207 1
4 132 3208 0
4 132 3208 0
4 132 3208 0
4 132 3208 1
4 133 3209 0
4 133 3209 0
4 133 3209 0
4 133 3209 1
4 134 3210 0
4 134 3210 0
4 134 3210 1
4 134 3210 0
4 135 3211 1
4 135 3211 0
4 135 3211 0
4 135 3211 0
4 136 3212 0
4 136 3212 0
4 136 3212 1
4 136 3212 0
4 137 3213 0
4 137 3213 0
4 137 3213 0
4 137 3213 1
4 138 3214 1
4 138 3214 0
4 138 3214 0
4 138 3214 0
4 139 3215 0
4 139 3215 1
4 139 3215 0
4 139 3215 0
4 140 3216 1
4 140 3216 0
4 140 3216 0
4 140 3216 0
4 141 3217 0
4 141 3217 0
4 141 3217 1
4 141 3217 0
4 142 3218 1
4 142 3218 0
4 142 3218 0
4 142 3218 0
4 143 3219 0
4 143 3219 1
4 143 3219 0
4 143 3219 0
4 144 3220 0
4 144 3220 1
4 144 3220 0
4 144 3220 0
4 145 3221 0
4 145 3221 1
4 145 3221 0
4 145 3221 0
4 146 3222 0
4 146 3222 0
4 146 3222 1
4 146 3222 0
4 147 3223 0
4 147 3223 0
4 147 3223 1
4 147 3223 0
4 148 3224 0
4 148 3224 0
4 148 3224 1
4 148 3224 0
4 149 3225 1
4 149 3225 0
4 149 3225 0
4 149 3225 0
4 150 3226 0
4 150 3226 1
4 150 3226 0
4 150 3226 0
4 151 3227 0
4 151 3227 1
4 151 3227 0
4 151 3227 0
4 152 3228 1
4 152 3228 0
4 152 3228 0
4 152 3228 0
4 153 3229 0
4 153 3229 1
4 153 3229 0
4 153 3229 0
4 154 3230 0
4 154 3230 0
4 154 3230 1
4 154 3230 0
4 155 3231 0
4 155 3231 1
4 155 3231 0
4 155 3231 0
4 156 3232 0
4 156 3232 1
4 156 3232 0
4 156 3232 0
4 157 3233 0
4 157 3233 1
4 157 3233 0
4 157 3233 0
4 158 3234 1
4 158 3234 0
4 158 3234 0
4 158 3234 0
4 159 3235 0
4 159 3235 1
4 159 3235 0
4 159 3235 0
4 160 3236 0
4 160 3236 0
4 160 3236 1
4 160 3236 0
4 161 3237 1
4 161 3237 0
4 161 3237 0
4 161 3237 0
4 162 3238 1
4 162 3238 0
4 162 3238 0
4 162 3238 0
4 163 3239 0
4 163 3239 0
4 163 3239 0
4 163 3239 1
4 164 3240 0
4 164 3240 0
4 164 3240 0
4 164 3240 1
4 165 3241 1
4 165 3241 0
4 165 3241 0
4 165 3241 0
4 165 3241 0
4 166 3242 1
4 166 3242 0
4 166 3242 0
4 166 3242 0
4 167 3243 0
4 167 3243 1
4 167 3243 0
4 167 3243 0
4 168 3244 1
4 168 3244 0
4 168 3244 0
4 168 3244 0
4 169 3245 0
4 169 3245 0
4 169 3245 0
4 169 3245 1
4 170 3246 0
4 170 3246 0
4 170 3246 0
4 170 3246 1
4 171 3247 0
4 171 3247 0
4 171 3247 0
4 171 3247 1
4 172 3248 0
4 172 3248 0
4 172 3248 0
4 172 3248 1
4 173 3249 0
4 173 3249 0
4 173 3249 1
4 173 3249 0
4 174 3250 0
4 174 3250 0
4 174 3250 1
4 174 3250 0
4 175 3251 0
4 175 3251 1
4 175 3251 0
4 175 3251 0
4 176 3252 1
4 176 3252 0
4 176 3252 0
4 176 3252 0
4 177 3253 0
4 177 3253 0
4 177 3253 1
4 177 3253 0
4 178 3254 0
4 178 3254 1
4 178 3254 0
4 178 3254 0
4 179 3255 1
4 179 3255 0
4 179 3255 0
4 179 3255 0
4 180 3256 0
4 180 3256 1
4 180 3256 0
4 180 3256 0
4 181 3257 1
4 181 3257 0
4 181 3257 0
4 181 3257 0
4 181 3257 0
4 182 3258 0
4 182 3258 0
4 182 3258 0
4 182 3258 1
4 183 3259 0
4 183 3259 0
4 183 3259 0
4 183 3259 0
4 183 3259 1
4 184 3260 0
4 184 3260 0
4 184 3260 0
4 184 3260 1
4 185 3261 1
4 185 3261 0
4 185 3261 0
4 185 3261 0
4 186 3262 0
4 186 3262 0
4 186 3262 1
4 186 3262 0
4 187 3263 0
4 187 3263 0
4 187 3263 1
4 187 3263 0
4 188 3264 0
4 188 3264 0
4 188 3264 1
4 188 3264 0
4 189 3265 1
4 189 3265 0
4 189 3265 0
4 189 3265 0
4 190 3266 0
4 190 3266 0
4 190 3266 0
4 190 3266 1
4 191 3267 0
4 191 3267 0
4 191 3267 0
4 191 3267 1
4 192 3268 0
4 192 3268 0
4 192 3268 0
4 192 3268 1
4 193 3269 0
4 193 3269 0
4 193 3269 0
4 193 3269 0
4 193 3269 1
4 193 3269 0
4 193 3269 0
4 194 3270 0
4 194 3270 0
4 194 3270 1
4 194 3270 0
4 195 3271 0
4 195 3271 1
4 195 3271 0
4 195 3271 0
4 196 3272 0
4 196 3272 0
4 196 3272 0
4 196 3272 0
4 196 3272 1
4 197 3273 0
4 197 3273 0
4 197 3273 1
4 197 3273 0
4 198 3274 0
4 198 3274 0
4 198 3274 1
4 198 3274 0
4 199 3275 0
4 199 3275 0
4 199 3275 1
4 199 3275 0
4 200 3276 0
4 200 3276 0
4 200 3276 0
4 200 3276 1
4 201 3277 0
4 201 3277 0
4 201 3277 0
4 201 3277 1
4 202 3278 0
4 202 3278 1
4 202 3278 0
4 202 3278 0
4 203 3279 0
4 203 3279 0
4 203 3279 0
4 203 3279 1
4 203 3279 0
4 204 3280 0
4 204 3280 0
4 204 3280 0
4 204 3280 1
4 204 3280 0
4 205 3281 0
4 205 3281 1
4 205 3281 0
4 205 3281 0
4 206 3282 0
4 206 3282 0
4 206 3282 1
4 206 3282 0
4 207 3283 1
4 207 3283 0
4 207 3283 0
4 207 3283 0
4 208 3284 1
4 208 3284 0
4 208 3284 0
4 208 3284 0
4 209 3285 1
4 209 3285 0
4 209 3285 0
4 209 3285 0
4 210 3286 0
4 210 3286 0
4 210 3286 1
4 210 3286 0
5 1 2352 1
5 1 2352 0
5 1 2352 0
5 1 2352 0
5 2 2353 1
5 2 2353 0
5 2 2353 0
5 2 2353 0
5 3 2354 1
5 3 2354 0
5 3 2354 0
5 3 2354 0
5 4 2355 1
5 4 2355 0
5 4 2355 0
5 4 2355 0
5 5 2356 1
5 5 2356 0
5 5 2356 0
5 5 2356 0
5 6 2357 0
5 6 2357 0
5 6 2357 1
5 6 2357 0
5 7 2358 0
5 7 2358 1
5 7 2358 0
5 7 2358 0
5 8 2359 0
5 8 2359 0
5 8 2359 1
5 8 2359 0
5 9 2360 1
5 9 2360 0
5 9 2360 0
5 9 2360 0
5 10 2361 0
5 10 2361 0
5 10 2361 1
5 10 2361 0
5 11 2362 0
5 11 2362 0
5 11 2362 1
5 11 2362 0
5 12 2363 1
5 12 2363 0
5 12 2363 0
5 12 2363 0
5 13 2364 0
5 13 2364 0
5 13 2364 1
5 13 2364 0
5 14 2365 0
5 14 2365 0
5 14 2365 0
5 14 2365 1
5 14 2365 0
5 14 2365 0
5 15 2366 0
5 15 2366 0
5 15 2366 1
5 15 2366 0
5 16 2367 0
5 16 2367 0
5 16 2367 1
5 16 2367 0
5 17 2368 1
5 17 2368 0
5 17 2368 0
5 17 2368 0
5 18 2369 1
5 18 2369 0
5 18 2369 0
5 18 2369 0
5 19 2370 1
5 19 2370 0
5 19 2370 0
5 19 2370 0
5 20 2371 1
5 20 2371 0
5 20 2371 0
5 20 2371 0
5 21 2372 0
5 21 2372 0
5 21 2372 1
5 21 2372 0
5 22 2373 1
5 22 2373 0
5 22 2373 0
5 22 2373 0
5 23 2374 1
5 23 2374 0
5 23 2374 0
5 23 2374 0
5 24 2375 1
5 24 2375 0
5 24 2375 0
5 24 2375 0
5 25 2376 0
5 25 2376 1
5 25 2376 0
5 25 2376 0
5 26 2377 0
5 26 2377 0
5 26 2377 1
5 26 2377 0
5 27 2378 0
5 27 2378 0
5 27 2378 0
5 27 2378 1
5 28 2379 1
5 28 2379 0
5 28 2379 0
5 28 2379 0
5 29 2380 1
5 29 2380 0
5 29 2380 0
5 29 2380 0
5 30 2381 1
5 30 2381 0
5 30 2381 0
5 30 2381 0
5 31 2382 1
5 31 2382 0
5 31 2382 0
5 31 2382 0
5 32 2383 1
5 32 2383 0
5 32 2383 0
5 32 2383 0
5 33 2384 1
5 33 2384 0
5 33 2384 0
5 33 2384 0
5 34 2385 1
5 34 2385 0
5 34 2385 0
5 34 2385 0
5 35 2386 0
5 35 2386 0
5 35 2386 0
5 35 2386 1
5 36 2387 0
5 36 2387 0
5 36 2387 1
5 36 2387 0
5 37 2388 0
5 37 2388 0
5 37 2388 0
5 37 2388 1
5 38 2389 0
5 38 2389 1
5 38 2389 0
5 38 2389 0
5 39 2390 0
5 39 2390 0
5 39 2390 0
5 39 2390 1
5 40 2391 1
5 40 2391 0
5 40 2391 0
5 40 2391 0
5 41 2392 1
5 41 2392 0
5 41 2392 0
5 41 2392 0
5 42 2393 0
5 42 2393 1
5 42 2393 0
5 42 2393 0
5 43 2394 1
5 43 2394 0
5 43 2394 0
5 43 2394 0
5 44 2395 0
5 44 2395 1
5 44 2395 0
5 44 2395 0
5 45 2396 1
5 45 2396 0
5 45 2396 0
5 45 2396 0
5 46 2397 0
5 46 2397 0
5 46 2397 1
5 46 2397 0
5 47 2398 0
5 47 2398 1
5 47 2398 0
5 47 2398 0
5 48 2399 0
5 48 2399 0
5 48 2399 0
5 48 2399 1
5 49 2400 1
5 49 2400 0
5 49 2400 0
5 49 2400 0
5 50 2401 1
5 50 2401 0
5 50 2401 0
5 50 2401 0
5 51 2402 0
5 51 2402 1
5 51 2402 0
5 51 2402 0
5 52 2403 1
5 52 2403 0
5 52 2403 0
5 52 2403 0
5 53 2404 0
5 53 2404 0
5 53 2404 1
5 53 2404 0
5 54 2405 1
5 54 2405 0
5 54 2405 0
5 54 2405 0
5 55 2406 0
5 55 2406 1
5 55 2406 0
5 55 2406 0
5 56 2407 1
5 56 2407 0
5 56 2407 0
5 56 2407 0
5 57 2408 1
5 57 2408 0
5 57 2408 0
5 57 2408 0
5 58 2409 0
5 58 2409 1
5 58 2409 0
5 58 2409 0
5 59 2410 0
5 59 2410 1
5 59 2410 0
5 59 2410 0
5 60 2411 0
5 60 2411 1
5 60 2411 0
5 60 2411 0
5 61 2412 1
5 61 2412 0
5 61 2412 0
5 61 2412 0
5 62 2413 0
5 62 2413 1
5 62 2413 0
5 62 2413 0
5 63 2414 0
5 63 2414 0
5 63 2414 0
5 63 2414 1
5 64 2415 1
5 64 2415 0
5 64 2415 0
5 64 2415 0
5 65 2416 0
5 65 2416 0
5 65 2416 0
5 65 2416 1
5 66 2417 1
5 66 2417 0
5 66 2417 0
5 66 2417 0
5 67 2418 1
5 67 2418 0
5 67 2418 0
5 67 2418 0
5 68 2419 1
5 68 2419 0
5 68 2419 0
5 68 2419 0
5 68 2419 0
5 69 2420 1
5 69 2420 0
5 69 2420 0
5 69 2420 0
5 70 2421 1
5 70 2421 0
5 70 2421 0
5 70 2421 0
5 71 2422 0
5 71 2422 1
5 71 2422 0
5 71 2422 0
5 72 2423 1
5 72 2423 0
5 72 2423 0
5 72 2423 0
5 72 2423 0
5 73 2424 0
5 73 2424 0
5 73 2424 0
5 73 2424 0
5 73 2424 1
5 73 2424 0
5 73 2424 0
5 74 2425 1
5 74 2425 0
5 74 2425 0
5 74 2425 0
5 75 2426 0
5 75 2426 1
5 75 2426 0
5 75 2426 0
5 76 2427 0
5 76 2427 0
5 76 2427 1
5 76 2427 0
5 77 2428 0
5 77 2428 0
5 77 2428 0
5 77 2428 1
5 77 2428 0
5 78 2429 0
5 78 2429 0
5 78 2429 1
5 78 2429 0
5 79 2430 1
5 79 2430 0
5 79 2430 0
5 79 2430 0
5 80 2431 0
5 80 2431 1
5 80 2431 0
5 80 2431 0
5 81 2432 1
5 81 2432 0
5 81 2432 0
5 81 2432 0
5 82 2433 1
5 82 2433 0
5 82 2433 0
5 82 2433 0
5 83 2434 0
5 83 2434 1
5 83 2434 0
5 83 2434 0
5 84 2435 0
5 84 2435 0
5 84 2435 1
5 84 2435 0
5 85 2436 1
5 85 2436 0
5 85 2436 0
5 85 2436 0
5 86 2437 0
5 86 2437 0
5 86 2437 0
5 86 2437 1
5 87 2438 1
5 87 2438 0
5 87 2438 0
5 87 2438 0
5 88 2439 1
5 88 2439 0
5 88 2439 0
5 88 2439 0
5 89 2440 0
5 89 2440 1
5 89 2440 0
5 89 2440 0
5 89 2440 0
5 90 2441 0
5 90 2441 0
5 90 2441 1
5 90 2441 0
5 90 2441 0
5 91 2442 1
5 91 2442 0
5 91 2442 0
5 91 2442 0
5 91 2442 0
5 92 2443 0
5 92 2443 0
5 92 2443 1
5 92 2443 0
5 93 2444 0
5 93 2444 0
5 93 2444 0
5 93 2444 1
5 94 2445 1
5 94 2445 0
5 94 2445 0
5 94 2445 0
5 95 2446 1
5 95 2446 0
5 95 2446 0
5 95 2446 0
5 96 2447 0
5 96 2447 1
5 96 2447 0
5 96 2447 0
5 97 2448 1
5 97 2448 0
5 97 2448 0
5 97 2448 0
5 98 2449 1
5 98 2449 0
5 98 2449 0
5 98 2449 0
5 99 2450 0
5 99 2450 1
5 99 2450 0
5 99 2450 0
5 100 2451 1
5 100 2451 0
5 100 2451 0
5 100 2451 0
5 101 2452 0
5 101 2452 1
5 101 2452 0
5 101 2452 0
5 102 2453 0
5 102 2453 1
5 102 2453 0
5 102 2453 0
5 103 2454 1
5 103 2454 0
5 103 2454 0
5 103 2454 0
5 104 2455 0
5 104 2455 1
5 104 2455 0
5 104 2455 0
5 105 2456 0
5 105 2456 0
5 105 2456 0
5 105 2456 1
5 106 2457 0
5 106 2457 0
5 106 2457 0
5 106 2457 1
5 107 2458 0
5 107 2458 0
5 107 2458 0
5 107 2458 1
5 108 2459 1
5 108 2459 0
5 108 2459 0
5 108 2459 0
5 109 2460 1
5 109 2460 0
5 109 2460 0
5 109 2460 0
5 110 2461 1
5 110 2461 0
5 110 2461 0
5 110 2461 0
5 111 2462 1
5 111 2462 0
5 111 2462 0
5 111 2462 0
5 112 2463 0
5 112 2463 0
5 112 2463 0
5 112 2463 1
5 113 2464 1
5 113 2464 0
5 113 2464 0
5 113 2464 0
5 114 2465 1
5 114 2465 0
5 114 2465 0
5 114 2465 0
5 115 2466 0
5 115 2466 0
5 115 2466 0
5 115 2466 1
5 116 2467 0
5 116 2467 0
5 116 2467 1
5 116 2467 0
5 117 2468 0
5 117 2468 0
5 117 2468 0
5 117 2468 1
5 118 2469 0
5 118 2469 1
5 118 2469 0
5 118 2469 0
5 119 2470 1
5 119 2470 0
5 119 2470 0
5 119 2470 0
5 120 2471 0
5 120 2471 0
5 120 2471 1
5 120 2471 0
5 121 2472 1
5 121 2472 0
5 121 2472 0
5 121 2472 0
5 122 2473 0
5 122 2473 0
5 122 2473 1
5 122 2473 0
5 122 2473 0
5 123 2474 1
5 123 2474 0
5 123 2474 0
5 123 2474 0
5 124 2475 0
5 124 2475 0
5 124 2475 1
5 124 2475 0
5 125 2476 0
5 125 2476 0
5 125 2476 0
5 125 2476 1
5 126 2477 0
5 126 2477 0
5 126 2477 0
5 126 2477 1
5 127 2478 0
5 127 2478 0
5 127 2478 0
5 127 2478 0
5 127 2478 1
5 127 2478 0
5 127 2478 0
5 127 2478 0
5 127 2478 0
5 127 2478 0
5 127 2478 0
5 128 2479 0
5 128 2479 0
5 128 2479 0
5 128 2479 0
5 128 2479 1
5 128 2479 0
5 128 2479 0
5 129 2480 0
5 129 2480 0
5 129 2480 0
5 129 2480 1
5 130 2481 0
5 130 2481 0
5 130 2481 0
5 130 2481 1
5 131 2482 1
5 131 2482 0
5 131 2482 0
5 131 2482 0
5 132 2483 0
5 132 2483 0
5 132 2483 1
5 132 2483 0
5 133 2484 0
5 133 2484 0
5 133 2484 0
5 133 2484 1
5 134 2485 0
5 134 2485 0
5 134 2485 0
5 134 2485 1
5 135 2486 1
5 135 2486 0
5 135 2486 0
5 135 2486 0
5 136 2487 1
5 136 2487 0
5 136 2487 0
5 136 2487 0
5 137 2488 0
5 137 2488 0
5 137 2488 1
5 137 2488 0
5 138 2489 1
5 138 2489 0
5 138 2489 0
5 138 2489 0
5 139 2490 0
5 139 2490 0
5 139 2490 0
5 139 2490 1
5 139 2490 0
5 140 2491 0
5 140 2491 0
5 140 2491 0
5 140 2491 1
5 141 2492 0
5 141 2492 0
5 141 2492 0
5 141 2492 1
5 142 2493 0
5 142 2493 0
5 142 2493 0
5 142 2493 1
5 143 2494 0
5 143 2494 0
5 143 2494 0
5 143 2494 1
5 144 2495 0
5 144 2495 0
5 144 2495 0
5 144 2495 1
5 145 2496 0
5 145 2496 0
5 145 2496 0
5 145 2496 1
5 146 2497 0
5 146 2497 0
5 146 2497 0
5 146 2497 1
5 147 2498 0
5 147 2498 0
5 147 2498 0
5 147 2498 1
5 148 2499 0
5 148 2499 0
5 148 2499 0
5 148 2499 1
5 149 2500 0
5 149 2500 0
5 149 2500 0
5 149 2500 1
5 150 2501 0
5 150 2501 0
5 150 2501 0
5 150 2501 1
5 151 2502 0
5 151 2502 0
5 151 2502 0
5 151 2502 1
5 152 2503 0
5 152 2503 0
5 152 2503 0
5 152 2503 1
5 153 2504 1
5 153 2504 0
5 153 2504 0
5 153 2504 0
5 154 2505 0
5 154 2505 0
5 154 2505 1
5 154 2505 0
5 155 2506 0
5 155 2506 0
5 155 2506 0
5 155 2506 1
5 156 2507 1
5 156 2507 0
5 156 2507 0
5 156 2507 0
5 157 2508 1
5 157 2508 0
5 157 2508 0
5 157 2508 0
5 158 2509 1
5 158 2509 0
5 158 2509 0
5 158 2509 0
5 159 2510 1
5 159 2510 0
5 159 2510 0
5 159 2510 0
5 160 2511 1
5 160 2511 0
5 160 2511 0
5 160 2511 0
5 161 2512 0
5 161 2512 0
5 161 2512 1
5 161 2512 0
5 162 2513 0
5 162 2513 0
5 162 2513 1
5 162 2513 0
5 163 2514 0
5 163 2514 0
5 163 2514 1
5 163 2514 0
5 164 2515 0
5 164 2515 0
5 164 2515 1
5 164 2515 0
5 165 2516 0
5 165 2516 0
5 165 2516 0
5 165 2516 1
5 166 2517 0
5 166 2517 1
5 166 2517 0
5 166 2517 0
5 167 2518 0
5 167 2518 0
5 167 2518 0
5 167 2518 1
5 168 2519 0
5 168 2519 1
5 168 2519 0
5 168 2519 0
5 169 2520 0
5 169 2520 0
5 169 2520 0
5 169 2520 1
5 170 2521 0
5 170 2521 1
5 170 2521 0
5 170 2521 0
5 171 2522 0
5 171 2522 1
5 171 2522 0
5 171 2522 0
5 172 2523 0
5 172 2523 1
5 172 2523 0
5 172 2523 0
5 173 2524 0
5 173 2524 0
5 173 2524 1
5 173 2524 0
5 174 2525 0
5 174 2525 0
5 174 2525 1
5 174 2525 0
5 175 2526 0
5 175 2526 1
5 175 2526 0
5 175 2526 0
5 176 2527 0
5 176 2527 0
5 176 2527 0
5 176 2527 1
5 177 2528 0
5 177 2528 0
5 177 2528 0
5 177 2528 1
5 178 2529 0
5 178 2529 0
5 178 2529 0
5 178 2529 1
5 179 2530 0
5 179 2530 0
5 179 2530 0
5 179 2530 1
5 180 2531 0
5 180 2531 0
5 180 2531 1
5 180 2531 0
5 181 2532 0
5 181 2532 0
5 181 2532 0
5 181 2532 1
5 182 2533 1
5 182 2533 0
5 182 2533 0
5 182 2533 0
5 183 2534 0
5 183 2534 0
5 183 2534 1
5 183 2534 0
5 184 2535 0
5 184 2535 1
5 184 2535 0
5 184 2535 0
5 185 2536 0
5 185 2536 0
5 185 2536 1
5 185 2536 0
5 186 2537 0
5 186 2537 1
5 186 2537 0
5 186 2537 0
5 187 2538 0
5 187 2538 0
5 187 2538 1
5 187 2538 0
5 188 2539 0
5 188 2539 1
5 188 2539 0
5 188 2539 0
5 189 2540 0
5 189 2540 0
5 189 2540 1
5 189 2540 0
5 190 2541 0
5 190 2541 1
5 190 2541 0
5 190 2541 0
5 191 2542 0
5 191 2542 0
5 191 2542 1
5 191 2542 0
5 192 2543 1
5 192 2543 0
5 192 2543 0
5 192 2543 0
5 193 2544 0
5 193 2544 0
5 193 2544 1
5 193 2544 0
5 194 2545 0
5 194 2545 0
5 194 2545 1
5 194 2545 0
5 195 2546 1
5 195 2546 0
5 195 2546 0
5 195 2546 0
5 196 2547 0
5 196 2547 0
5 196 2547 1
5 196 2547 0
5 197 2548 0
5 197 2548 1
5 197 2548 0
5 197 2548 0
5 198 2549 1
5 198 2549 0
5 198 2549 0
5 198 2549 0
5 199 2550 0
5 199 2550 0
5 199 2550 1
5 199 2550 0
5 200 2551 0
5 200 2551 0
5 200 2551 1
5 200 2551 0
5 201 2552 0
5 201 2552 0
5 201 2552 1
5 201 2552 0
5 202 2553 0
5 202 2553 0
5 202 2553 1
5 202 2553 0
5 203 2554 0
5 203 2554 1
5 203 2554 0
5 203 2554 0
5 204 2555 0
5 204 2555 1
5 204 2555 0
5 204 2555 0
5 205 2556 1
5 205 2556 0
5 205 2556 0
5 205 2556 0
5 206 2557 1
5 206 2557 0
5 206 2557 0
5 206 2557 0
5 207 2558 0
5 207 2558 1
5 207 2558 0
5 207 2558 0
5 208 2559 0
5 208 2559 1
5 208 2559 0
5 208 2559 0
5 209 2560 0
5 209 2560 0
5 209 2560 1
5 209 2560 0
5 210 2561 1
5 210 2561 0
5 210 2561 0
5 210 2561 0
5 140 2491 0
6 1 3287 1
6 1 3287 0
6 1 3287 0
6 1 3287 0
6 2 3288 1
6 2 3288 0
6 2 3288 0
6 2 3288 0
6 3 3289 1
6 3 3289 0
6 3 3289 0
6 3 3289 0
6 4 3290 1
6 4 3290 0
6 4 3290 0
6 4 3290 0
6 5 3291 1
6 5 3291 0
6 5 3291 0
6 5 3291 0
6 6 3292 0
6 6 3292 0
6 6 3292 1
6 6 3292 0
6 7 3293 0
6 7 3293 1
6 7 3293 0
6 7 3293 0
6 8 3294 0
6 8 3294 0
6 8 3294 1
6 8 3294 0
6 9 3295 1
6 9 3295 0
6 9 3295 0
6 9 3295 0
6 10 3296 0
6 10 3296 0
6 10 3296 1
6 10 3296 0
6 11 3297 0
6 11 3297 0
6 11 3297 1
6 11 3297 0
6 12 3298 1
6 12 3298 0
6 12 3298 0
6 12 3298 0
6 13 3299 0
6 13 3299 0
6 13 3299 1
6 13 3299 0
6 14 3300 0
6 14 3300 0
6 14 3300 0
6 14 3300 1
6 15 3301 0
6 15 3301 0
6 15 3301 1
6 15 3301 0
6 16 3302 0
6 16 3302 0
6 16 3302 1
6 16 3302 0
6 17 3303 0
6 17 3303 0
6 17 3303 0
6 17 3303 1
6 18 3304 0
6 18 3304 0
6 18 3304 1
6 18 3304 0
6 19 3305 1
6 19 3305 0
6 19 3305 0
6 19 3305 0
6 20 3306 0
6 20 3306 0
6 20 3306 1
6 20 3306 0
6 21 3307 0
6 21 3307 0
6 21 3307 1
6 21 3307 0
6 22 3308 0
6 22 3308 0
6 22 3308 0
6 22 3308 1
6 23 3309 1
6 23 3309 0
6 23 3309 0
6 23 3309 0
6 24 3310 1
6 24 3310 0
6 24 3310 0
6 24 3310 0
6 25 3311 0
6 25 3311 1
6 25 3311 0
6 25 3311 0
6 26 3312 0
6 26 3312 0
6 26 3312 1
6 26 3312 0
6 27 3313 0
6 27 3313 0
6 27 3313 0
6 27 3313 1
6 28 3314 1
6 28 3314 0
6 28 3314 0
6 28 3314 0
6 29 3315 1
6 29 3315 0
6 29 3315 0
6 29 3315 0
6 30 3316 1
6 30 3316 0
6 30 3316 0
6 30 3316 0
6 31 3317 1
6 31 3317 0
6 31 3317 0
6 31 3317 0
6 32 3318 1
6 32 3318 0
6 32 3318 0
6 32 3318 0
6 33 3319 1
6 33 3319 0
6 33 3319 0
6 33 3319 0
6 34 3320 1
6 34 3320 0
6 34 3320 0
6 34 3320 0
6 35 3321 0
6 35 3321 0
6 35 3321 0
6 35 3321 1
6 36 3322 0
6 36 3322 0
6 36 3322 1
6 36 3322 0
6 37 3323 0
6 37 3323 0
6 37 3323 0
6 37 3323 1
6 38 3324 0
6 38 3324 1
6 38 3324 0
6 38 3324 0
6 39 3325 0
6 39 3325 0
6 39 3325 0
6 39 3325 1
6 40 3326 1
6 40 3326 0
6 40 3326 0
6 40 3326 0
6 41 3327 1
6 41 3327 0
6 41 3327 0
6 41 3327 0
6 42 3328 0
6 42 3328 1
6 42 3328 0
6 42 3328 0
6 43 3329 1
6 43 3329 0
6 43 3329 0
6 43 3329 0
6 44 3330 0
6 44 3330 1
6 44 3330 0
6 44 3330 0
6 45 3331 1
6 45 3331 0
6 45 3331 0
6 45 3331 0
6 46 3332 0
6 46 3332 0
6 46 3332 1
6 46 3332 0
6 47 3333 0
6 47 3333 0
6 47 3333 0
6 47 3333 1
6 48 3334 0
6 48 3334 0
6 48 3334 1
6 48 3334 0
6 49 3335 1
6 49 3335 0
6 49 3335 0
6 49 3335 0
6 50 3336 1
6 50 3336 0
6 50 3336 0
6 50 3336 0
6 51 3337 0
6 51 3337 1
6 51 3337 0
6 51 3337 0
6 52 3338 1
6 52 3338 0
6 52 3338 0
6 52 3338 0
6 53 3339 0
6 53 3339 0
6 53 3339 1
6 53 3339 0
6 54 3340 1
6 54 3340 0
6 54 3340 0
6 54 3340 0
6 55 3341 0
6 55 3341 1
6 55 3341 0
6 55 3341 0
6 56 3342 1
6 56 3342 0
6 56 3342 0
6 56 3342 0
6 57 3343 1
6 57 3343 0
6 57 3343 0
6 57 3343 0
6 58 3344 1
6 58 3344 0
6 58 3344 0
6 58 3344 0
6 59 3345 0
6 59 3345 1
6 59 3345 0
6 59 3345 0
6 60 3346 0
6 60 3346 0
6 60 3346 1
6 60 3346 0
6 61 3347 1
6 61 3347 0
6 61 3347 0
6 61 3347 0
6 62 3348 0
6 62 3348 1
6 62 3348 0
6 62 3348 0
6 63 3349 0
6 63 3349 0
6 63 3349 0
6 63 3349 1
6 64 3350 1
6 64 3350 0
6 64 3350 0
6 64 3350 0
6 65 3351 0
6 65 3351 0
6 65 3351 0
6 65 3351 1
6 66 3352 1
6 66 3352 0
6 66 3352 0
6 66 3352 0
6 67 3353 1
6 67 3353 0
6 67 3353 0
6 67 3353 0
6 68 3354 1
6 68 3354 0
6 68 3354 0
6 68 3354 0
6 69 3355 1
6 69 3355 0
6 69 3355 0
6 69 3355 0
6 70 3356 1
6 70 3356 0
6 70 3356 0
6 70 3356 0
6 71 3357 0
6 71 3357 1
6 71 3357 0
6 71 3357 0
6 72 3358 0
6 72 3358 0
6 72 3358 0
6 72 3358 1
6 73 3359 0
6 73 3359 0
6 73 3359 0
6 73 3359 0
6 74 3360 0
6 74 3360 0
6 74 3360 1
6 74 3360 0
6 75 3361 0
6 75 3361 0
6 75 3361 0
6 75 3361 1
6 76 3362 1
6 76 3362 0
6 76 3362 0
6 76 3362 0
6 77 3363 0
6 77 3363 0
6 77 3363 0
6 77 3363 1
6 78 3364 0
6 78 3364 0
6 78 3364 1
6 78 3364 0
6 79 3365 1
6 79 3365 0
6 79 3365 0
6 79 3365 0
6 80 3366 0
6 80 3366 1
6 80 3366 0
6 80 3366 0
6 81 3367 1
6 81 3367 0
6 81 3367 0
6 81 3367 0
6 82 3368 0
6 82 3368 1
6 82 3368 0
6 82 3368 0
6 83 3369 0
6 83 3369 1
6 83 3369 0
6 83 3369 0
6 84 3370 0
6 84 3370 0
6 84 3370 1
6 84 3370 0
6 85 3371 1
6 85 3371 0
6 85 3371 0
6 85 3371 0
6 86 3372 0
6 86 3372 0
6 86 3372 0
6 86 3372 1
6 87 3373 1
6 87 3373 0
6 87 3373 0
6 87 3373 0
6 88 3374 0
6 88 3374 0
6 88 3374 1
6 88 3374 0
6 89 3375 0
6 89 3375 1
6 89 3375 0
6 89 3375 0
6 90 3376 0
6 90 3376 0
6 90 3376 1
6 90 3376 0
6 91 3377 1
6 91 3377 0
6 91 3377 0
6 91 3377 0
6 92 3378 0
6 92 3378 0
6 92 3378 1
6 92 3378 0
6 93 3379 0
6 93 3379 0
6 93 3379 0
6 93 3379 0
6 94 3380 1
6 94 3380 0
6 94 3380 0
6 94 3380 0
6 95 3381 1
6 95 3381 0
6 95 3381 0
6 95 3381 0
6 96 3382 0
6 96 3382 1
6 96 3382 0
6 96 3382 0
6 97 3383 1
6 97 3383 0
6 97 3383 0
6 97 3383 0
6 98 3384 1
6 98 3384 0
6 98 3384 0
6 98 3384 0
6 99 3385 0
6 99 3385 1
6 99 3385 0
6 99 3385 0
6 100 3386 1
6 100 3386 0
6 100 3386 0
6 100 3386 0
6 101 3387 0
6 101 3387 1
6 101 3387 0
6 101 3387 0
6 102 3388 0
6 102 3388 1
6 102 3388 0
6 102 3388 0
6 103 3389 0
6 103 3389 1
6 103 3389 0
6 103 3389 0
6 104 3390 0
6 104 3390 1
6 104 3390 0
6 104 3390 0
6 105 3391 0
6 105 3391 0
6 105 3391 0
6 105 3391 1
6 106 3392 0
6 106 3392 0
6 106 3392 0
6 106 3392 1
6 107 3393 0
6 107 3393 0
6 107 3393 0
6 107 3393 1
6 108 3394 1
6 108 3394 0
6 108 3394 0
6 108 3394 0
6 109 3395 1
6 109 3395 0
6 109 3395 0
6 109 3395 0
6 110 3396 1
6 110 3396 0
6 110 3396 0
6 110 3396 0
6 111 3397 1
6 111 3397 0
6 111 3397 0
6 111 3397 0
6 112 3398 0
6 112 3398 0
6 112 3398 0
6 112 3398 1
6 113 3399 1
6 113 3399 0
6 113 3399 0
6 113 3399 0
6 114 3400 1
6 114 3400 0
6 114 3400 0
6 114 3400 0
6 115 3401 0
6 115 3401 0
6 115 3401 0
6 115 3401 1
6 116 3402 0
6 116 3402 0
6 116 3402 1
6 116 3402 0
6 117 3403 0
6 117 3403 0
6 117 3403 0
6 117 3403 1
6 118 3404 0
6 118 3404 1
6 118 3404 0
6 118 3404 0
6 119 3405 1
6 119 3405 0
6 119 3405 0
6 119 3405 0
6 120 3406 0
6 120 3406 0
6 120 3406 1
6 120 3406 0
6 121 3407 1
6 121 3407 0
6 121 3407 0
6 121 3407 0
6 122 3408 0
6 122 3408 0
6 122 3408 1
6 122 3408 0
6 123 3409 1
6 123 3409 0
6 123 3409 0
6 123 3409 0
6 124 3410 0
6 124 3410 0
6 124 3410 1
6 124 3410 0
6 125 3411 0
6 125 3411 0
6 125 3411 0
6 125 3411 1
6 126 3412 0
6 126 3412 0
6 126 3412 0
6 126 3412 1
6 127 3413 0
6 127 3413 0
6 127 3413 0
6 127 3413 0
6 127 3413 1
6 127 3413 0
6 127 3413 0
6 127 3413 0
6 127 3413 0
6 127 3413 0
6 127 3413 0
6 128 3414 0
6 128 3414 0
6 128 3414 0
6 128 3414 0
6 128 3414 1
6 128 3414 0
6 128 3414 0
6 129 3415 0
6 129 3415 0
6 129 3415 0
6 129 3415 1
6 130 3416 0
6 130 3416 0
6 130 3416 0
6 130 3416 1
6 131 3417 1
6 131 3417 0
6 131 3417 0
6 131 3417 0
6 132 3418 0
6 132 3418 0
6 132 3418 1
6 132 3418 0
6 133 3419 0
6 133 3419 0
6 133 3419 0
6 133 3419 1
6 134 3420 0
6 134 3420 0
6 134 3420 0
6 134 3420 1
6 135 3421 1
6 135 3421 0
6 135 3421 0
6 135 3421 0
6 136 3422 1
6 136 3422 0
6 136 3422 0
6 136 3422 0
6 137 3423 0
6 137 3423 0
6 137 3423 1
6 137 3423 0
6 138 3424 1
6 138 3424 0
6 138 3424 0
6 138 3424 0
6 139 3425 0
6 139 3425 0
6 139 3425 0
6 139 3425 1
6 140 3426 0
6 140 3426 0
6 140 3426 0
6 140 3426 1
6 140 3426 0
6 141 3427 0
6 141 3427 0
6 141 3427 0
6 141 3427 1
6 142 3428 0
6 142 3428 0
6 142 3428 0
6 142 3428 1
6 143 3429 0
6 143 3429 0
6 143 3429 0
6 143 3429 1
6 144 3430 0
6 144 3430 0
6 144 3430 0
6 144 3430 1
6 145 3431 0
6 145 3431 0
6 145 3431 0
6 145 3431 1
6 146 3432 0
6 146 3432 0
6 146 3432 0
6 146 3432 1
6 147 3433 0
6 147 3433 0
6 147 3433 0
6 147 3433 1
6 148 3434 0
6 148 3434 0
6 148 3434 0
6 148 3434 1
6 149 3435 0
6 149 3435 0
6 149 3435 0
6 149 3435 1
6 150 3436 0
6 150 3436 0
6 150 3436 0
6 150 3436 1
6 151 3437 0
6 151 3437 0
6 151 3437 0
6 151 3437 1
6 152 3438 0
6 152 3438 0
6 152 3438 0
6 152 3438 1
6 153 3439 1
6 153 3439 0
6 153 3439 0
6 153 3439 0
6 154 3440 0
6 154 3440 0
6 154 3440 1
6 154 3440 0
6 155 3441 0
6 155 3441 0
6 155 3441 0
6 155 3441 1
6 156 3442 1
6 156 3442 0
6 156 3442 0
6 156 3442 0
6 157 3443 1
6 157 3443 0
6 157 3443 0
6 157 3443 0
6 158 3444 1
6 158 3444 0
6 158 3444 0
6 158 3444 0
6 159 3445 1
6 159 3445 0
6 159 3445 0
6 159 3445 0
6 160 3446 1
6 160 3446 0
6 160 3446 0
6 160 3446 0
6 161 3447 0
6 161 3447 0
6 161 3447 1
6 161 3447 0
6 162 3448 0
6 162 3448 0
6 162 3448 1
6 162 3448 0
6 163 3449 0
6 163 3449 0
6 163 3449 1
6 163 3449 0
6 164 3450 0
6 164 3450 0
6 164 3450 1
6 164 3450 0
6 165 3451 0
6 165 3451 0
6 165 3451 0
6 165 3451 1
6 166 3452 0
6 166 3452 1
6 166 3452 0
6 166 3452 0
6 167 3453 0
6 167 3453 0
6 167 3453 0
6 167 3453 1
6 168 3454 0
6 168 3454 1
6 168 3454 0
6 168 3454 0
6 169 3455 0
6 169 3455 0
6 169 3455 0
6 169 3455 1
6 170 3456 0
6 170 3456 1
6 170 3456 0
6 170 3456 0
6 171 3457 0
6 171 3457 1
6 171 3457 0
6 171 3457 0
6 172 3458 0
6 172 3458 1
6 172 3458 0
6 172 3458 0
6 173 3459 0
6 173 3459 0
6 173 3459 1
6 173 3459 0
6 174 3460 0
6 174 3460 0
6 174 3460 1
6 174 3460 0
6 175 3461 0
6 175 3461 1
6 175 3461 0
6 175 3461 0
6 176 3462 0
6 176 3462 0
6 176 3462 0
6 176 3462 1
6 177 3463 0
6 177 3463 0
6 177 3463 0
6 177 3463 1
6 178 3464 0
6 178 3464 0
6 178 3464 0
6 178 3464 1
6 179 3465 0
6 179 3465 0
6 179 3465 0
6 179 3465 1
6 180 3466 0
6 180 3466 0
6 180 3466 1
6 180 3466 0
6 181 3467 0
6 181 3467 0
6 181 3467 0
6 181 3467 1
6 182 3468 1
6 182 3468 0
6 182 3468 0
6 182 3468 0
6 183 3469 0
6 183 3469 0
6 183 3469 1
6 183 3469 0
6 184 3470 0
6 184 3470 1
6 184 3470 0
6 184 3470 0
6 185 3471 0
6 185 3471 0
6 185 3471 1
6 185 3471 0
6 186 3472 0
6 186 3472 1
6 186 3472 0
6 186 3472 0
6 187 3473 0
6 187 3473 0
6 187 3473 1
6 187 3473 0
6 188 3474 0
6 188 3474 1
6 188 3474 0
6 188 3474 0
6 189 3475 0
6 189 3475 0
6 189 3475 1
6 189 3475 0
6 190 3476 0
6 190 3476 1
6 190 3476 0
6 190 3476 0
6 191 3477 0
6 191 3477 0
6 191 3477 1
6 191 3477 0
6 192 3478 1
6 192 3478 0
6 192 3478 0
6 192 3478 0
6 193 3479 0
6 193 3479 0
6 193 3479 1
6 193 3479 0
6 194 3480 0
6 194 3480 0
6 194 3480 1
6 194 3480 0
6 195 3481 1
6 195 3481 0
6 195 3481 0
6 195 3481 0
6 196 3482 0
6 196 3482 0
6 196 3482 1
6 196 3482 0
6 197 3483 0
6 197 3483 1
6 197 3483 0
6 197 3483 0
6 198 3484 1
6 198 3484 0
6 198 3484 0
6 198 3484 0
6 199 3485 0
6 199 3485 0
6 199 3485 1
6 199 3485 0
6 200 3486 0
6 200 3486 0
6 200 3486 1
6 200 3486 0
6 201 3487 0
6 201 3487 0
6 201 3487 1
6 201 3487 0
6 202 3488 0
6 202 3488 0
6 202 3488 1
6 202 3488 0
6 203 3489 0
6 203 3489 0
6 203 3489 0
6 203 3489 1
6 204 3490 0
6 204 3490 1
6 204 3490 0
6 204 3490 0
6 205 3491 0
6 205 3491 0
6 205 3491 0
6 205 3491 1
6 206 3492 1
6 206 3492 0
6 206 3492 0
6 206 3492 0
6 207 3493 0
6 207 3493 1
6 207 3493 0
6 207 3493 0
6 208 3494 0
6 208 3494 1
6 208 3494 0
6 208 3494 0
6 209 3495 0
6 209 3495 0
6 209 3495 1
6 209 3495 0
6 210 3496 1
6 210 3496 0
6 210 3496 0
6 210 3496 0
7 1 4243 0
7 1 4243 0
7 1 4243 1
7 1 4243 0
7 2 4244 0
7 2 4244 1
7 2 4244 0
7 2 4244 0
7 3 4245 0
7 3 4245 0
7 3 4245 0
7 3 4245 1
7 4 4246 0
7 4 4246 0
7 4 4246 1
7 4 4246 0
7 5 4247 0
7 5 4247 0
7 5 4247 0
7 5 4247 0
7 5 4247 1
7 6 4248 0
7 6 4248 1
7 6 4248 0
7 6 4248 0
7 7 4249 0
7 7 4249 1
7 7 4249 0
7 7 4249 0
7 8 4250 0
7 8 4250 0
7 8 4250 1
7 8 4250 0
7 9 4251 1
7 9 4251 0
7 9 4251 0
7 9 4251 0
7 10 4252 0
7 10 4252 0
7 10 4252 1
7 10 4252 0
7 11 4253 0
7 11 4253 1
7 11 4253 0
7 11 4253 0
7 12 4254 0
7 12 4254 0
7 12 4254 1
7 12 4254 0
7 13 4255 0
7 13 4255 0
7 13 4255 1
7 13 4255 0
7 14 4256 0
7 14 4256 0
7 14 4256 0
7 14 4256 1
7 14 4256 0
7 14 4256 0
7 15 4257 0
7 15 4257 0
7 15 4257 1
7 15 4257 0
7 16 4258 0
7 16 4258 0
7 16 4258 1
7 16 4258 0
7 17 4259 0
7 17 4259 0
7 17 4259 0
7 17 4259 1
7 18 4260 1
7 18 4260 0
7 18 4260 0
7 18 4260 0
7 19 4261 0
7 19 4261 0
7 19 4261 0
7 19 4261 1
7 20 4262 0
7 20 4262 0
7 20 4262 1
7 20 4262 0
7 21 4263 0
7 21 4263 1
7 21 4263 0
7 21 4263 0
7 22 4264 0
7 22 4264 0
7 22 4264 0
7 22 4264 1
7 23 4265 0
7 23 4265 1
7 23 4265 0
7 23 4265 0
7 24 4266 0
7 24 4266 1
7 24 4266 0
7 24 4266 0
7 25 4267 0
7 25 4267 0
7 25 4267 1
7 25 4267 0
7 26 4268 1
7 26 4268 0
7 26 4268 0
7 26 4268 0
7 27 4269 1
7 27 4269 0
7 27 4269 0
7 27 4269 0
7 28 4270 0
7 28 4270 0
7 28 4270 1
7 28 4270 0
7 29 4271 0
7 29 4271 0
7 29 4271 1
7 29 4271 0
7 30 4272 0
7 30 4272 1
7 30 4272 0
7 30 4272 0
7 31 4273 0
7 31 4273 0
7 31 4273 0
7 31 4273 1
7 32 4274 1
7 32 4274 0
7 32 4274 0
7 32 4274 0
7 33 4275 0
7 33 4275 0
7 33 4275 1
7 33 4275 0
7 34 4276 0
7 34 4276 0
7 34 4276 1
7 34 4276 0
7 35 4277 0
7 35 4277 0
7 35 4277 0
7 35 4277 1
7 36 4278 0
7 36 4278 0
7 36 4278 0
7 36 4278 1
7 37 4279 1
7 37 4279 0
7 37 4279 0
7 37 4279 0
7 38 4280 0
7 38 4280 1
7 38 4280 0
7 38 4280 0
7 39 4281 1
7 39 4281 0
7 39 4281 0
7 39 4281 0
7 40 4282 0
7 40 4282 0
7 40 4282 1
7 40 4282 0
7 41 4283 0
7 41 4283 0
7 41 4283 1
7 41 4283 0
7 42 4284 0
7 42 4284 0
7 42 4284 1
7 42 4284 0
7 43 4285 0
7 43 4285 0
7 43 4285 1
7 43 4285 0
7 44 4286 1
7 44 4286 0
7 44 4286 0
7 44 4286 0
7 45 4287 0
7 45 4287 0
7 45 4287 1
7 45 4287 0
7 46 4288 0
7 46 4288 1
7 46 4288 0
7 46 4288 0
7 47 4289 1
7 47 4289 0
7 47 4289 0
7 47 4289 0
7 48 4290 0
7 48 4290 0
7 48 4290 1
7 48 4290 0
7 49 4291 0
7 49 4291 1
7 49 4291 0
7 49 4291 0
7 50 4292 0
7 50 4292 1
7 50 4292 0
7 50 4292 0
7 51 4293 0
7 51 4293 0
7 51 4293 1
7 51 4293 0
7 52 4294 1
7 52 4294 0
7 52 4294 0
7 52 4294 0
7 53 4295 0
7 53 4295 0
7 53 4295 1
7 53 4295 0
7 54 5293 0
7 54 5293 0
7 54 5293 0
7 54 5293 1
7 55 4296 0
7 55 4296 1
7 55 4296 0
7 55 4296 0
7 56 4297 0
7 56 4297 0
7 56 4297 1
7 56 4297 0
7 57 4298 0
7 57 4298 0
7 57 4298 1
7 57 4298 0
7 57 4298 0
7 58 4299 0
7 58 4299 0
7 58 4299 1
7 58 4299 0
7 59 4300 0
7 59 4300 1
7 59 4300 0
7 59 4300 0
7 60 4301 0
7 60 4301 0
7 60 4301 0
7 60 4301 1
7 61 4302 1
7 61 4302 0
7 61 4302 0
7 61 4302 0
7 62 4303 0
7 62 4303 1
7 62 4303 0
7 62 4303 0
7 63 4304 0
7 63 4304 0
7 63 4304 1
7 63 4304 0
7 64 4305 1
7 64 4305 0
7 64 4305 0
7 64 4305 0
7 65 4306 0
7 65 4306 0
7 65 4306 0
7 65 4306 1
7 66 4307 0
7 66 4307 0
7 66 4307 0
7 66 4307 1
7 66 4307 0
7 67 4308 0
7 67 4308 0
7 67 4308 0
7 67 4308 1
7 68 4309 0
7 68 4309 0
7 68 4309 1
7 68 4309 0
7 68 4309 0
7 69 4310 0
7 69 4310 0
7 69 4310 1
7 69 4310 0
7 70 4311 1
7 70 4311 0
7 70 4311 0
7 70 4311 0
7 71 4312 0
7 71 4312 0
7 71 4312 1
7 71 4312 0
7 72 4313 1
7 72 4313 0
7 72 4313 0
7 72 4313 0
7 73 4314 0
7 73 4314 1
7 73 4314 0
7 73 4314 0
7 74 4315 0
7 74 4315 1
7 74 4315 0
7 74 4315 0
7 75 4316 0
7 75 4316 0
7 75 4316 0
7 75 4316 1
7 76 4317 0
7 76 4317 0
7 76 4317 1
7 76 4317 0
7 77 4318 1
7 77 4318 0
7 77 4318 0
7 77 4318 0
7 77 4318 0
7 77 4318 0
7 77 4318 0
7 77 4318 0
7 77 4318 0
7 77 4318 0
7 77 4318 0
7 77 4318 0
7 77 4318 0
7 78 4319 0
7 78 4319 0
7 78 4319 1
7 78 4319 0
7 78 4319 0
7 78 4319 0
7 79 4320 0
7 79 4320 0
7 79 4320 0
7 79 4320 1
7 79 4320 0
7 79 4320 0
7 79 4320 0
7 80 4321 0
7 80 4321 0
7 80 4321 0
7 80 4321 1
7 80 4321 0
7 80 4321 0
7 81 4322 0
7 81 4322 1
7 81 4322 0
7 81 4322 0
7 82 4323 1
7 82 4323 0
7 82 4323 0
7 82 4323 0
7 83 4324 1
7 83 4324 0
7 83 4324 0
7 83 4324 0
7 84 4325 1
7 84 4325 0
7 84 4325 0
7 84 4325 0
7 85 4326 1
7 85 4326 0
7 85 4326 0
7 85 4326 0
7 86 4327 0
7 86 4327 1
7 86 4327 0
7 86 4327 0
7 87 4328 1
7 87 4328 0
7 87 4328 0
7 87 4328 0
7 88 4329 0
7 88 4329 0
7 88 4329 0
7 88 4329 1
7 89 4330 0
7 89 4330 0
7 89 4330 0
7 89 4330 1
7 90 4331 0
7 90 4331 0
7 90 4331 0
7 90 4331 1
7 91 4332 0
7 91 4332 0
7 91 4332 0
7 91 4332 1
7 92 4333 0
7 92 4333 0
7 92 4333 1
7 92 4333 0
7 93 4334 0
7 93 4334 0
7 93 4334 1
7 93 4334 0
7 94 4335 0
7 94 4335 1
7 94 4335 0
7 94 4335 0
7 95 4336 1
7 95 4336 0
7 95 4336 0
7 95 4336 0
7 96 4337 0
7 96 4337 0
7 96 4337 1
7 96 4337 0
7 97 5178 0
7 97 5178 1
7 97 5178 0
7 97 5178 0
7 98 5179 1
7 98 5179 0
7 98 5179 0
7 98 5179 0
7 99 5180 0
7 99 5180 0
7 99 5180 0
7 99 5180 1
7 100 5181 0
7 100 5181 0
7 100 5181 0
7 100 5181 1
7 101 5182 1
7 101 5182 0
7 101 5182 0
7 101 5182 0
7 102 5183 1
7 102 5183 0
7 102 5183 0
7 102 5183 0
7 103 5184 0
7 103 5184 0
7 103 5184 1
7 103 5184 0
7 104 5185 0
7 104 5185 0
7 104 5185 1
7 104 5185 0
7 105 5186 0
7 105 5186 1
7 105 5186 0
7 105 5186 0
7 106 5187 0
7 106 5187 0
7 106 5187 1
7 106 5187 0
7 107 5188 1
7 107 5188 0
7 107 5188 0
7 107 5188 0
7 108 5189 0
7 108 5189 0
7 108 5189 0
7 108 5189 1
7 109 5190 1
7 109 5190 0
7 109 5190 0
7 109 5190 0
7 110 5191 0
7 110 5191 0
7 110 5191 0
7 110 5191 1
7 111 5192 1
7 111 5192 0
7 111 5192 0
7 111 5192 0
7 112 5193 1
7 112 5193 0
7 112 5193 0
7 112 5193 0
7 113 5194 0
7 113 5194 0
7 113 5194 0
7 113 5194 1
7 114 5195 1
7 114 5195 0
7 114 5195 0
7 114 5195 0
7 115 5196 0
7 115 5196 0
7 115 5196 1
7 115 5196 0
7 116 5197 0
7 116 5197 1
7 116 5197 0
7 116 5197 0
7 117 5198 0
7 117 5198 0
7 117 5198 0
7 117 5198 1
7 118 5199 1
7 118 5199 0
7 118 5199 0
7 118 5199 0
7 119 5200 1
7 119 5200 0
7 119 5200 0
7 119 5200 0
7 120 5201 0
7 120 5201 1
7 120 5201 0
7 120 5201 0
7 121 5202 0
7 121 5202 1
7 121 5202 0
7 121 5202 0
7 122 5203 0
7 122 5203 1
7 122 5203 0
7 122 5203 0
7 123 5204 0
7 123 5204 1
7 123 5204 0
7 123 5204 0
7 124 5205 0
7 124 5205 0
7 124 5205 0
7 124 5205 1
7 125 5206 0
7 125 5206 1
7 125 5206 0
7 125 5206 0
7 126 5207 0
7 126 5207 0
7 126 5207 1
7 126 5207 0
7 127 5208 1
7 127 5208 0
7 127 5208 0
7 127 5208 0
7 128 5209 0
7 128 5209 1
7 128 5209 0
7 128 5209 0
7 129 5210 0
7 129 5210 0
7 129 5210 0
7 129 5210 1
7 130 5211 0
7 130 5211 0
7 130 5211 0
7 130 5211 1
7 131 5212 1
7 131 5212 0
7 131 5212 0
7 131 5212 0
7 132 5213 0
7 132 5213 0
7 132 5213 0
7 132 5213 1
7 133 5214 0
7 133 5214 0
7 133 5214 0
7 133 5214 1
7 134 5215 0
7 134 5215 0
7 134 5215 0
7 134 5215 1
7 135 5216 0
7 135 5216 0
7 135 5216 1
7 135 5216 0
7 136 5217 1
7 136 5217 0
7 136 5217 0
7 136 5217 0
7 136 5217 0
7 137 5218 0
7 137 5218 0
7 137 5218 0
7 137 5218 1
7 138 5219 1
7 138 5219 0
7 138 5219 0
7 138 5219 0
7 139 5220 0
7 139 5220 0
7 139 5220 0
7 139 5220 1
7 140 5221 0
7 140 5221 0
7 140 5221 1
7 140 5221 0
7 141 5222 0
7 141 5222 0
7 141 5222 0
7 141 5222 1
7 142 5223 1
7 142 5223 0
7 142 5223 0
7 142 5223 0
7 143 5224 1
7 143 5224 0
7 143 5224 0
7 143 5224 0
7 144 5225 1
7 144 5225 0
7 144 5225 0
7 144 5225 0
7 145 5226 1
7 145 5226 0
7 145 5226 0
7 145 5226 0
7 146 5227 1
7 146 5227 0
7 146 5227 0
7 146 5227 0
7 147 5228 0
7 147 5228 0
7 147 5228 1
7 147 5228 0
7 148 5229 0
7 148 5229 0
7 148 5229 1
7 148 5229 0
7 149 5230 0
7 149 5230 0
7 149 5230 1
7 149 5230 0
7 150 5231 0
7 150 5231 1
7 150 5231 0
7 150 5231 0
7 151 5232 0
7 151 5232 1
7 151 5232 0
7 151 5232 0
7 152 5233 0
7 152 5233 0
7 152 5233 0
7 152 5233 1
7 153 5234 0
7 153 5234 1
7 153 5234 0
7 153 5234 0
7 154 5235 0
7 154 5235 1
7 154 5235 0
7 154 5235 0
7 155 5236 0
7 155 5236 0
7 155 5236 1
7 155 5236 0
7 156 5237 1
7 156 5237 0
7 156 5237 0
7 156 5237 0
7 157 5238 0
7 157 5238 0
7 157 5238 0
7 157 5238 1
7 158 5239 0
7 158 5239 0
7 158 5239 0
7 158 5239 1
7 159 5240 0
7 159 5240 0
7 159 5240 0
7 159 5240 1
7 160 5241 0
7 160 5241 0
7 160 5241 1
7 160 5241 0
7 161 5242 0
7 161 5242 0
7 161 5242 0
7 161 5242 1
7 162 5243 0
7 162 5243 1
7 162 5243 0
7 162 5243 0
7 163 5244 0
7 163 5244 0
7 163 5244 0
7 163 5244 1
7 164 5245 0
7 164 5245 1
7 164 5245 0
7 164 5245 0
7 165 5246 1
7 165 5246 0
7 165 5246 0
7 165 5246 0
7 166 5247 0
7 166 5247 0
7 166 5247 1
7 166 5247 0
7 167 5248 0
7 167 5248 1
7 167 5248 0
7 167 5248 0
7 168 5249 0
7 168 5249 0
7 168 5249 0
7 168 5249 1
7 169 5250 0
7 169 5250 1
7 169 5250 0
7 169 5250 0
7 170 5251 0
7 170 5251 0
7 170 5251 1
7 170 5251 0
7 171 5252 0
7 171 5252 0
7 171 5252 0
7 171 5252 1
7 172 5253 0
7 172 5253 0
7 172 5253 0
7 172 5253 1
7 173 5254 0
7 173 5254 0
7 173 5254 0
7 173 5254 1
7 174 5255 0
7 174 5255 0
7 174 5255 0
7 174 5255 1
7 175 5256 0
7 175 5256 0
7 175 5256 1
7 175 5256 0
7 176 5257 0
7 176 5257 1
7 176 5257 0
7 176 5257 0
7 177 5258 1
7 177 5258 0
7 177 5258 0
7 177 5258 0
7 178 5259 0
7 178 5259 0
7 178 5259 0
7 178 5259 1
7 179 5260 0
7 179 5260 0
7 179 5260 0
7 179 5260 1
7 180 5261 0
7 180 5261 0
7 180 5261 0
7 180 5261 0
7 180 5261 1
7 181 5262 0
7 181 5262 1
7 181 5262 0
7 181 5262 0
7 182 5263 1
7 182 5263 0
7 182 5263 0
7 182 5263 0
7 183 5264 0
7 183 5264 0
7 183 5264 0
7 183 5264 1
7 184 5265 0
7 184 5265 1
7 184 5265 0
7 184 5265 0
7 185 5266 0
7 185 5266 0
7 185 5266 1
7 185 5266 0
7 186 5267 0
7 186 5267 1
7 186 5267 0
7 186 5267 0
7 187 5268 0
7 187 5268 0
7 187 5268 1
7 187 5268 0
7 188 5269 0
7 188 5269 0
7 188 5269 1
7 188 5269 0
7 189 5270 0
7 189 5270 1
7 189 5270 0
7 189 5270 0
7 190 5271 0
7 190 5271 0
7 190 5271 1
7 190 5271 0
7 191 5272 0
7 191 5272 0
7 191 5272 1
7 191 5272 0
7 192 5273 0
7 192 5273 0
7 192 5273 1
7 192 5273 0
7 193 5274 0
7 193 5274 1
7 193 5274 0
7 193 5274 0
7 194 5275 0
7 194 5275 0
7 194 5275 0
7 194 5275 1
7 195 5276 0
7 195 5276 1
7 195 5276 0
7 195 5276 0
7 196 5277 0
7 196 5277 0
7 196 5277 1
7 196 5277 0
7 197 5278 0
7 197 5278 0
7 197 5278 1
7 197 5278 0
7 198 5279 0
7 198 5279 0
7 198 5279 0
7 198 5279 0
7 198 5279 1
7 199 5280 0
7 199 5280 1
7 199 5280 0
7 199 5280 0
7 200 5281 0
7 200 5281 0
7 200 5281 1
7 200 5281 0
7 201 5282 1
7 201 5282 0
7 201 5282 0
7 201 5282 0
7 202 5283 1
7 202 5283 0
7 202 5283 0
7 202 5283 0
7 203 5284 0
7 203 5284 0
7 203 5284 1
7 203 5284 0
7 204 5285 1
7 204 5285 0
7 204 5285 0
7 204 5285 0
7 205 5286 0
7 205 5286 0
7 205 5286 0
7 205 5286 0
7 205 5286 1
7 206 5287 1
7 206 5287 0
7 206 5287 0
7 206 5287 0
7 207 5288 0
7 207 5288 1
7 207 5288 0
7 207 5288 0
7 208 5289 0
7 208 5289 0
7 208 5289 0
7 208 5289 1
7 209 5290 0
7 209 5290 0
7 209 5290 0
7 209 5290 1
7 210 5291 0
7 210 5291 1
7 210 5291 0
7 210 5291 0
7 211 5291 0
7 211 5291 0
7 211 5291 0
7 211 5291 0
7 211 5291 1
7 211 5291 1
7 211 5291 0
7 211 5291 0
8 1 5294 0
8 1 5294 1
8 1 5294 0
8 1 5294 0
8 2 5295 0
8 2 5295 0
8 2 5295 0
8 2 5295 1
8 3 5296 0
8 3 5296 0
8 3 5296 1
8 3 5296 0
8 4 5297 0
8 4 5297 0
8 4 5297 1
8 4 5297 0
8 5 5298 0
8 5 5298 0
8 5 5298 1
8 5 5298 0
8 6 5299 1
8 6 5299 0
8 6 5299 0
8 6 5299 0
8 6 5299 0
8 7 5300 0
8 7 5300 0
8 7 5300 0
8 7 5300 0
8 7 5300 0
8 7 5300 1
8 8 5301 0
8 8 5301 0
8 8 5301 1
8 8 5301 0
8 9 5302 1
8 9 5302 0
8 9 5302 0
8 9 5302 0
8 10 5303 0
8 10 5303 1
8 10 5303 0
8 10 5303 0
8 11 5304 1
8 11 5304 0
8 11 5304 0
8 11 5304 0
8 12 5305 0
8 12 5305 1
8 12 5305 0
8 12 5305 0
8 13 5306 0
8 13 5306 0
8 13 5306 1
8 13 5306 0
8 14 5307 0
8 14 5307 1
8 14 5307 0
8 14 5307 0
8 15 5308 0
8 15 5308 0
8 15 5308 1
8 15 5308 0
8 16 5309 0
8 16 5309 1
8 16 5309 0
8 16 5309 0
8 17 5310 0
8 17 5310 0
8 17 5310 1
8 17 5310 0
8 18 5311 1
8 18 5311 0
8 18 5311 0
8 18 5311 0
8 19 5312 0
8 19 5312 0
8 19 5312 1
8 19 5312 0
8 20 5313 1
8 20 5313 0
8 20 5313 0
8 20 5313 0
8 21 5314 1
8 21 5314 0
8 21 5314 0
8 21 5314 0
8 22 5315 0
8 22 5315 0
8 22 5315 1
8 22 5315 0
8 23 5316 0
8 23 5316 1
8 23 5316 0
8 23 5316 0
8 24 5317 0
8 24 5317 0
8 24 5317 0
8 24 5317 1
8 25 5318 0
8 25 5318 1
8 25 5318 0
8 25 5318 0
8 26 5319 0
8 26 5319 0
8 26 5319 1
8 26 5319 0
8 27 5320 1
8 27 5320 0
8 27 5320 0
8 27 5320 0
8 28 5321 0
8 28 5321 0
8 28 5321 1
8 28 5321 0
8 29 5322 0
8 29 5322 1
8 29 5322 0
8 29 5322 0
8 30 5323 0
8 30 5323 0
8 30 5323 1
8 30 5323 0
8 31 5324 1
8 31 5324 0
8 31 5324 0
8 31 5324 0
8 32 5325 1
8 32 5325 0
8 32 5325 0
8 32 5325 0
8 33 5326 0
8 33 5326 0
8 33 5326 1
8 33 5326 0
8 34 5327 0
8 34 5327 0
8 34 5327 1
8 34 5327 0
8 35 5328 0
8 35 5328 0
8 35 5328 1
8 35 5328 0
8 36 5329 0
8 36 5329 0
8 36 5329 1
8 36 5329 0
8 37 5330 1
8 37 5330 0
8 37 5330 0
8 37 5330 0
8 38 5331 0
8 38 5331 0
8 38 5331 0
8 38 5331 1
8 39 5332 0
8 39 5332 0
8 39 5332 1
8 39 5332 0
8 40 5333 0
8 40 5333 0
8 40 5333 1
8 40 5333 0
8 41 5334 0
8 41 5334 0
8 41 5334 1
8 41 5334 0
8 42 5335 1
8 42 5335 0
8 42 5335 0
8 42 5335 0
8 43 5336 1
8 43 5336 0
8 43 5336 0
8 43 5336 0
8 44 5337 0
8 44 5337 1
8 44 5337 0
8 44 5337 0
8 45 5338 0
8 45 5338 0
8 45 5338 0
8 45 5338 1
8 46 5339 0
8 46 5339 1
8 46 5339 0
8 46 5339 0
8 47 5340 0
8 47 5340 0
8 47 5340 1
8 47 5340 0
8 48 5341 0
8 48 5341 0
8 48 5341 1
8 48 5341 0
8 49 5342 0
8 49 5342 1
8 49 5342 0
8 49 5342 0
8 50 5343 1
8 50 5343 0
8 50 5343 0
8 50 5343 0
8 51 5344 0
8 51 5344 1
8 51 5344 0
8 51 5344 0
8 52 5345 0
8 52 5345 1
8 52 5345 0
8 52 5345 0
8 53 5346 0
8 53 5346 1
8 53 5346 0
8 53 5346 0
8 54 5347 0
8 54 5347 0
8 54 5347 1
8 54 5347 0
8 55 5348 0
8 55 5348 0
8 55 5348 1
8 55 5348 0
8 56 5349 1
8 56 5349 0
8 56 5349 0
8 56 5349 0
8 57 5350 0
8 57 5350 1
8 57 5350 0
8 57 5350 0
8 58 5351 1
8 58 5351 0
8 58 5351 0
8 58 5351 0
8 59 5352 0
8 59 5352 1
8 59 5352 0
8 59 5352 0
8 60 5353 0
8 60 5353 1
8 60 5353 0
8 60 5353 0
8 61 5354 0
8 61 5354 0
8 61 5354 0
8 61 5354 1
8 62 5355 0
8 62 5355 1
8 62 5355 0
8 62 5355 0
8 63 5356 0
8 63 5356 0
8 63 5356 1
8 63 5356 0
8 64 5357 1
8 64 5357 0
8 64 5357 0
8 64 5357 0
8 65 5358 0
8 65 5358 0
8 65 5358 1
8 65 5358 0
8 66 5359 0
8 66 5359 1
8 66 5359 0
8 66 5359 0
8 67 5360 0
8 67 5360 1
8 67 5360 0
8 67 5360 0
8 68 5361 0
8 68 5361 0
8 68 5361 0
8 68 5361 1
8 69 5362 0
8 69 5362 0
8 69 5362 0
8 69 5362 1
8 70 5363 0
8 70 5363 0
8 70 5363 0
8 70 5363 1
8 71 5364 0
8 71 5364 0
8 71 5364 0
8 71 5364 1
8 72 5365 0
8 72 5365 1
8 72 5365 0
8 72 5365 0
8 73 5366 0
8 73 5366 0
8 73 5366 0
8 73 5366 1
8 74 5367 0
8 74 5367 1
8 74 5367 0
8 74 5367 0
8 75 5368 0
8 75 5368 0
8 75 5368 0
8 75 5368 1
8 76 5369 0
8 76 5369 0
8 76 5369 1
8 76 5369 0
8 77 5370 0
8 77 5370 1
8 77 5370 0
8 77 5370 0
8 78 5371 0
8 78 5371 0
8 78 5371 1
8 78 5371 0
8 79 5372 0
8 79 5372 0
8 79 5372 0
8 79 5372 1
8 80 5373 1
8 80 5373 0
8 80 5373 0
8 80 5373 0
8 81 5374 0
8 81 5374 1
8 81 5374 0
8 81 5374 0
8 82 5375 0
8 82 5375 0
8 82 5375 0
8 82 5375 1
8 83 5376 0
8 83 5376 0
8 83 5376 1
8 83 5376 0
8 84 5377 0
8 84 5377 0
8 84 5377 0
8 84 5377 1
8 85 5378 0
8 85 5378 1
8 85 5378 0
8 85 5378 0
8 86 5379 0
8 86 5379 0
8 86 5379 0
8 86 5379 1
8 87 5380 0
8 87 5380 0
8 87 5380 1
8 87 5380 0
8 88 5381 0
8 88 5381 0
8 88 5381 0
8 88 5381 1
8 89 5382 0
8 89 5382 0
8 89 5382 0
8 89 5382 1
8 90 5383 0
8 90 5383 1
8 90 5383 0
8 90 5383 0
8 91 5384 0
8 91 5384 0
8 91 5384 0
8 91 5384 1
8 92 5385 1
8 92 5385 0
8 92 5385 0
8 92 5385 0
8 93 5386 0
8 93 5386 1
8 93 5386 0
8 93 5386 0
8 94 5387 1
8 94 5387 0
8 94 5387 0
8 94 5387 0
8 95 5388 0
8 95 5388 0
8 95 5388 1
8 95 5388 0
8 96 5389 0
8 96 5389 1
8 96 5389 0
8 96 5389 0
8 97 5390 0
8 97 5390 0
8 97 5390 0
8 97 5390 1
8 98 5391 0
8 98 5391 1
8 98 5391 0
8 98 5391 0
8 99 5392 1
8 99 5392 0
8 99 5392 0
8 99 5392 0
8 100 5393 1
8 100 5393 0
8 100 5393 0
8 100 5393 0
8 101 5394 0
8 101 5394 0
8 101 5394 0
8 101 5394 0
8 101 5394 1
8 101 5394 0
8 102 5395 1
8 102 5395 0
8 102 5395 0
8 102 5395 0
8 103 5396 0
8 103 5396 1
8 103 5396 0
8 103 5396 0
8 104 5397 1
8 104 5397 0
8 104 5397 0
8 104 5397 0
8 105 5398 0
8 105 5398 1
8 105 5398 0
8 105 5398 0
8 106 5399 1
8 106 5399 0
8 106 5399 0
8 106 5399 0
8 107 5400 1
8 107 5400 0
8 107 5400 0
8 107 5400 0
8 108 5401 0
8 108 5401 0
8 108 5401 1
8 108 5401 0
8 109 5402 0
8 109 5402 1
8 109 5402 0
8 109 5402 0
8 110 5403 0
8 110 5403 1
8 110 5403 0
8 110 5403 0
8 111 5404 0
8 111 5404 1
8 111 5404 0
8 111 5404 0
8 112 5405 0
8 112 5405 1
8 112 5405 0
8 112 5405 0
8 113 5406 0
8 113 5406 0
8 113 5406 1
8 113 5406 0
8 114 5407 1
8 114 5407 0
8 114 5407 0
8 114 5407 0
8 115 5408 1
8 115 5408 0
8 115 5408 0
8 115 5408 0
8 116 5409 1
8 116 5409 0
8 116 5409 0
8 116 5409 0
8 117 5410 0
8 117 5410 1
8 117 5410 0
8 117 5410 0
8 118 5411 1
8 118 5411 0
8 118 5411 0
8 118 5411 0
8 119 5412 1
8 119 5412 0
8 119 5412 0
8 119 5412 0
8 120 5413 0
8 120 5413 0
8 120 5413 0
8 120 5413 0
8 121 5414 0
8 121 5414 1
8 121 5414 0
8 121 5414 0
8 122 5415 0
8 122 5415 0
8 122 5415 0
8 122 5415 1
8 123 5416 1
8 123 5416 0
8 123 5416 0
8 123 5416 0
8 124 5417 0
8 124 5417 0
8 124 5417 0
8 124 5417 1
8 125 5418 1
8 125 5418 0
8 125 5418 0
8 125 5418 0
8 126 5419 1
8 126 5419 0
8 126 5419 0
8 126 5419 0
8 126 5419 0
8 127 5420 0
8 127 5420 0
8 127 5420 0
8 127 5420 1
8 128 5421 1
8 128 5421 0
8 128 5421 0
8 128 5421 0
8 129 5422 0
8 129 5422 1
8 129 5422 0
8 129 5422 0
8 130 5423 0
8 130 5423 0
8 130 5423 1
8 130 5423 0
8 131 5424 1
8 131 5424 0
8 131 5424 0
8 131 5424 0
8 132 5425 0
8 132 5425 0
8 132 5425 0
8 132 5425 1
8 132 5425 0
8 132 5425 0
8 133 5426 0
8 133 5426 1
8 133 5426 0
8 133 5426 0
8 134 5427 0
8 134 5427 1
8 134 5427 0
8 134 5427 0
8 135 5428 0
8 135 5428 0
8 135 5428 1
8 135 5428 0
8 135 5428 0
8 136 5429 1
8 136 5429 0
8 136 5429 0
8 136 5429 0
8 136 5429 0
8 136 5429 0
8 136 5429 0
8 136 5429 0
8 136 5429 0
8 136 5429 0
8 136 5429 0
8 136 5429 0
8 136 5429 0
8 137 5430 0
8 137 5430 0
8 137 5430 1
8 137 5430 0
8 137 5430 0
8 137 5430 0
8 138 5431 0
8 138 5431 0
8 138 5431 0
8 138 5431 1
8 138 5431 0
8 138 5431 0
8 138 5431 0
8 139 5432 0
8 139 5432 0
8 139 5432 1
8 139 5432 0
8 140 5433 1
8 140 5433 0
8 140 5433 0
8 140 5433 0
8 140 5433 0
8 141 5434 0
8 141 5434 1
8 141 5434 0
8 141 5434 0
8 142 5435 0
8 142 5435 1
8 142 5435 0
8 142 5435 0
8 143 5436 0
8 143 5436 0
8 143 5436 1
8 143 5436 0
8 144 5437 0
8 144 5437 0
8 144 5437 0
8 144 5437 1
8 144 5437 0
8 145 5438 1
8 145 5438 0
8 145 5438 0
8 145 5438 0
8 146 5439 0
8 146 5439 1
8 146 5439 0
8 146 5439 0
8 147 5440 1
8 147 5440 0
8 147 5440 0
8 147 5440 0
8 148 5441 1
8 148 5441 0
8 148 5441 0
8 148 5441 0
8 149 5442 0
8 149 5442 1
8 149 5442 0
8 149 5442 0
8 150 5443 0
8 150 5443 0
8 150 5443 1
8 150 5443 0
8 151 5444 1
8 151 5444 0
8 151 5444 0
8 151 5444 0
8 152 5445 0
8 152 5445 0
8 152 5445 1
8 152 5445 0
8 153 5446 1
8 153 5446 0
8 153 5446 0
8 153 5446 0
8 154 5447 0
8 154 5447 1
8 154 5447 0
8 154 5447 0
8 154 5447 0
8 155 5448 0
8 155 5448 0
8 155 5448 1
8 155 5448 0
8 155 5448 0
8 156 5449 1
8 156 5449 0
8 156 5449 0
8 156 5449 0
8 156 5449 0
8 157 5450 0
8 157 5450 0
8 157 5450 1
8 157 5450 0
8 158 5451 1
8 158 5451 0
8 158 5451 0
8 158 5451 0
8 159 5452 0
8 159 5452 0
8 159 5452 1
8 159 5452 0
8 160 5453 0
8 160 5453 1
8 160 5453 0
8 160 5453 0
8 161 5454 1
8 161 5454 0
8 161 5454 0
8 161 5454 0
8 162 5455 0
8 162 5455 0
8 162 5455 1
8 162 5455 0
8 163 5456 0
8 163 5456 0
8 163 5456 0
8 163 5456 1
8 164 5457 0
8 164 5457 1
8 164 5457 0
8 164 5457 0
8 165 5458 0
8 165 5458 0
8 165 5458 1
8 165 5458 0
8 166 5459 1
8 166 5459 0
8 166 5459 0
8 166 5459 0
8 167 5460 0
8 167 5460 1
8 167 5460 0
8 167 5460 0
8 168 5461 1
8 168 5461 0
8 168 5461 0
8 168 5461 0
8 169 5462 0
8 169 5462 0
8 169 5462 0
8 169 5462 1
8 170 5463 0
8 170 5463 0
8 170 5463 1
8 170 5463 0
8 171 5464 0
8 171 5464 0
8 171 5464 1
8 171 5464 0
8 172 5465 1
8 172 5465 0
8 172 5465 0
8 172 5465 0
8 173 5466 0
8 173 5466 1
8 173 5466 0
8 173 5466 0
8 174 5467 0
8 174 5467 1
8 174 5467 0
8 174 5467 0
8 175 5468 0
8 175 5468 0
8 175 5468 0
8 175 5468 1
8 176 5469 0
8 176 5469 0
8 176 5469 0
8 176 5469 1
8 177 5470 1
8 177 5470 0
8 177 5470 0
8 177 5470 0
8 178 5471 0
8 178 5471 1
8 178 5471 0
8 178 5471 0
8 179 5472 0
8 179 5472 0
8 179 5472 1
8 179 5472 0
8 180 5473 0
8 180 5473 0
8 180 5473 0
8 180 5473 1
8 181 5474 1
8 181 5474 0
8 181 5474 0
8 181 5474 0
8 182 5475 0
8 182 5475 0
8 182 5475 1
8 182 5475 0
8 183 5476 0
8 183 5476 0
8 183 5476 1
8 183 5476 0
8 184 5477 0
8 184 5477 0
8 184 5477 1
8 184 5477 0
8 185 5478 0
8 185 5478 1
8 185 5478 0
8 185 5478 0
8 186 5479 1
8 186 5479 0
8 186 5479 0
8 186 5479 0
8 187 5480 0
8 187 5480 0
8 187 5480 0
8 187 5480 1
8 188 5481 0
8 188 5481 0
8 188 5481 0
8 188 5481 1
8 189 5482 1
8 189 5482 0
8 189 5482 0
8 189 5482 0
8 190 5483 1
8 190 5483 0
8 190 5483 0
8 190 5483 0
8 191 5484 0
8 191 5484 0
8 191 5484 0
8 191 5484 1
8 192 5485 0
8 192 5485 0
8 192 5485 0
8 192 5485 1
8 193 5486 0
8 193 5486 0
8 193 5486 1
8 193 5486 0
8 194 5487 0
8 194 5487 0
8 194 5487 1
8 194 5487 0
8 195 5488 0
8 195 5488 0
8 195 5488 0
8 195 5488 1
8 196 5489 0
8 196 5489 0
8 196 5489 0
8 196 5489 1
8 197 5490 0
8 197 5490 0
8 197 5490 1
8 197 5490 0
8 198 5491 1
8 198 5491 0
8 198 5491 0
8 198 5491 0
8 199 5492 0
8 199 5492 1
8 199 5492 0
8 199 5492 0
8 200 5493 0
8 200 5493 1
8 200 5493 0
8 200 5493 0
8 201 5494 0
8 201 5494 0
8 201 5494 0
8 201 5494 1
8 202 5495 0
8 202 5495 1
8 202 5495 0
8 202 5495 0
8 203 5496 0
8 203 5496 0
8 203 5496 0
8 203 5496 1
8 204 5497 0
8 204 5497 0
8 204 5497 0
8 204 5497 1
8 205 5498 0
8 205 5498 1
8 205 5498 0
8 205 5498 0
8 206 5499 0
8 206 5499 0
8 206 5499 1
8 206 5499 0
8 207 5500 1
8 207 5500 0
8 207 5500 0
8 207 5500 0
8 208 5501 1
8 208 5501 0
8 208 5501 0
8 208 5501 0
8 209 5502 1
8 209 5502 0
8 209 5502 0
8 209 5502 0
8 210 5503 0
8 210 5503 0
8 210 5503 1
8 210 5503 0
7 175 5256 0
7 208 5289 0
7 209 5290 0
8 106 5399 0
8 120 5413 0
8 120 5413 0
8 120 5413 1
8 134 5427 0
8 203 5496 0
8 204 5497 0
6 14 3300 0
6 14 3300 0
6 73 3359 0
6 73 3359 1
6 73 3359 0
6 73 3359 0
6 77 3363 0
6 93 3379 1
6 122 3408 0
